#version,serial,flight,time,state,state_name,acceleration,pressure,altitude,height,speed,temperature,drogue_voltage,main_voltage,battery_voltage
6, 8069, 5,    -0.14, 3,   boost,   72.84, 100790.00,   44.63,   26.80,  133.61, 21.7, 4.05, 4.06, 4.02
6, 8069, 5,    -0.13, 3,   boost,   76.51, 100757.00,   47.39,   29.56,  135.18, 21.7, 4.05, 4.05, 4.02
6, 8069, 5,    -0.12, 3,   boost,   80.29, 100776.00,   45.80,   27.97,  136.76, 21.7, 4.05, 4.06, 4.02
6, 8069, 5,    -0.11, 3,   boost,   84.18, 100780.00,   45.47,   27.64,  138.35, 21.7, 4.05, 4.05, 4.02
6, 8069, 5,    -0.10, 3,   boost,   88.18, 100797.00,   44.04,   26.22,  139.95, 21.7, 4.05, 4.05, 4.02
6, 8069, 5,    -0.09, 3,   boost,   92.28, 100817.00,   42.37,   24.54,  141.56, 21.7, 4.05, 4.06, 4.02
6, 8069, 5,    -0.08, 3,   boost,   96.46, 100846.00,   39.95,   22.12,  143.19, 21.7, 4.05, 4.06, 4.02
6, 8069, 5,    -0.07, 3,   boost,  100.72, 100891.00,   36.19,   18.36,  144.82, 21.7, 4.05, 4.06, 4.02
6, 8069, 5,    -0.06, 3,   boost,  105.03, 100971.00,   29.51,   11.68,  146.47, 21.7, 4.05, 4.05, 4.02
6, 8069, 5,    -0.05, 3,   boost,  109.39, 101060.00,   22.08,    4.25,  148.12, 21.7, 4.05, 4.06, 4.02
6, 8069, 5,    -0.04, 3,   boost,  113.77, 101059.00,   22.17,    4.34,  149.79, 21.7, 4.02, 4.08, 4.03
6, 8069, 5,    -0.03, 3,   boost,  118.16, 100963.00,   30.18,   12.35,  151.47, 21.7, 4.05, 4.06, 4.02
6, 8069, 5,    -0.02, 3,   boost,  122.54, 100667.00,   54.92,   37.09,  153.15, 21.7, 4.05, 4.05, 4.02
6, 8069, 5,    -0.01, 3,   boost,  126.88, 100173.00,   96.34,   78.51,  154.84, 21.7, 4.05, 4.06, 4.02
6, 8069, 5,     0.00, 3,   boost,  131.16, 100057.00,  106.09,   88.26,  156.54, 21.7, 4.05, 4.05, 4.02
6, 8069, 5,     0.00, 3,   boost,  131.16, 100057.00,  106.09,   88.26,  156.54, 21.7, 4.05, 4.05, 4.02
6, 8069, 5,     0.00, 3,   boost,  131.16, 100057.00,  106.09,   88.26,  156.54, 21.7, 4.05, 4.05, 4.02
6, 8069, 5,     0.00, 3,   boost,  131.16, 100057.00,  106.09,   88.26,  156.54, 21.7, 4.05, 4.05, 4.02
6, 8069, 5,     0.00, 3,   boost,  131.16, 100057.00,  106.09,   88.26,  156.54, 21.7, 4.05, 4.05, 4.02
6, 8069, 5,     0.00, 3,   boost,  131.16, 100057.00,  106.09,   88.26,  156.54, 21.7, 4.05, 4.05, 4.02
6, 8069, 5,     0.00, 3,   boost,  131.16, 100057.00,  106.09,   88.26,  156.54, 21.7, 4.05, 4.05, 4.02
6, 8069, 5,     0.00, 3,   boost,  131.16, 100057.00,  106.09,   88.26,  156.54, 21.7, 4.05, 4.05, 4.02
6, 8069, 5,     0.00, 3,   boost,  131.16, 100057.00,  106.09,   88.26,  156.54, 21.7, 4.05, 4.05, 4.02
6, 8069, 5,     0.00, 3,   boost,  131.16, 100057.00,  106.09,   88.26,  156.54, 21.7, 4.05, 4.05, 4.02
6, 8069, 5,     0.00, 3,   boost,  131.16, 100057.00,  106.09,   88.26,  156.54, 21.7, 4.05, 4.05, 4.02
6, 8069, 5,     0.00, 3,   boost,  131.16, 100057.00,  106.09,   88.26,  156.54, 21.7, 4.05, 4.05, 4.02
6, 8069, 5,     0.00, 3,   boost,  131.16, 100057.00,  106.09,   88.26,  156.54, 21.7, 4.05, 4.05, 4.02
6, 8069, 5,     0.00, 3,   boost,  131.16, 100057.00,  106.09,   88.26,  156.54, 21.7, 4.05, 4.05, 4.02
6, 8069, 5,     0.00, 3,   boost,  131.16, 100057.00,  106.09,   88.26,  156.54, 21.7, 4.05, 4.05, 4.02
6, 8069, 5,     0.00, 3,   boost,  131.16, 100057.00,  106.09,   88.26,  156.54, 21.7, 4.05, 4.05, 4.02
6, 8069, 5,     0.00, 3,   boost,  131.16, 100057.00,  106.09,   88.26,  156.54, 21.7, 4.05, 4.05, 4.02
6, 8069, 5,     0.01, 3,   boost,  135.36, 100313.00,   84.58,   66.75,  158.25, 21.7, 4.05, 4.06, 4.02
6, 8069, 5,     0.02, 3,   boost,  139.45, 100494.00,   69.41,   51.58,  159.97, 21.8, 4.03, 4.06, 4.02
6, 8069, 5,     0.03, 3,   boost,  143.41, 100488.00,   69.91,   52.08,  161.70, 21.8, 4.03, 4.06, 4.02
6, 8069, 5,     0.04, 3,   boost,  147.23, 100427.00,   75.02,   57.19,  163.43, 21.8, 4.03, 4.05, 4.02
6, 8069, 5,     0.05, 3,   boost,  150.86, 100379.00,   79.05,   61.22,  165.18, 21.8, 4.05, 4.05, 4.02
6, 8069, 5,     0.06, 3,   boost,  154.30, 100494.00,   69.41,   51.58,  166.92, 21.8, 4.05, 4.05, 4.02
6, 8069, 5,     0.07, 3,   boost,  157.52, 100485.00,   70.16,   52.33,  168.68, 21.8, 4.03, 4.06, 4.03
6, 8069, 5,     0.08, 3,   boost,  160.51, 100397.00,   77.54,   59.71,  170.44, 21.8, 4.06, 4.05, 4.02
6, 8069, 5,     0.09, 3,   boost,  163.26, 100277.00,   87.61,   69.78,  172.21, 21.8, 4.05, 4.06, 4.06
6, 8069, 5,     0.10, 3,   boost,  165.74, 100120.00,  100.79,   82.96,  173.98, 21.8, 4.06, 4.06, 4.02
6, 8069, 5,     0.11, 3,   boost,  167.95,  99951.00,  115.01,   97.18,  175.76, 21.8, 4.05, 4.09, 4.03
6, 8069, 5,     0.12, 3,   boost,  169.89,  99951.00,  115.01,   97.18,  177.54, 21.8, 4.05, 4.06, 4.05
6, 8069, 5,     0.13, 3,   boost,  171.56,  99771.00,  130.17,  112.34,  179.33, 21.8, 4.03, 4.06, 4.02
6, 8069, 5,     0.14, 3,   boost,  172.95,  99580.00,  146.28,  128.45,  181.12, 21.8, 4.06, 4.08, 4.03
6, 8069, 5,     0.15, 3,   boost,  174.08,  99474.00,  155.23,  137.40,  182.92, 21.8, 4.03, 4.05, 4.03
6, 8069, 5,     0.16, 3,   boost,  174.94,  99345.00,  166.14,  148.31,  184.71, 21.8, 4.05, 4.06, 4.02
6, 8069, 5,     0.17, 3,   boost,  175.56,  99709.00,  135.40,  117.57,  186.51, 21.8, 4.03, 4.05, 4.00
6, 8069, 5,     0.18, 3,   boost,  175.95,  99587.00,  145.69,  127.86,  188.31, 21.8, 4.05, 4.08, 3.99
6, 8069, 5,     0.19, 3,   boost,  176.12,  99495.00,  153.46,  135.63,  190.12, 21.8, 4.05, 4.05, 4.02
6, 8069, 5,     0.20, 3,   boost,  176.09,  99449.00,  157.35,  139.52,  191.92, 21.8, 4.03, 4.06, 4.02
6, 8069, 5,     0.21, 3,   boost,  175.88,  99393.00,  162.08,  144.25,  193.72, 21.8, 4.05, 4.08, 4.03
6, 8069, 5,     0.22, 3,   boost,  175.52,  99346.00,  166.05,  148.23,  195.53, 21.8, 4.03, 4.08, 4.03
6, 8069, 5,     0.23, 3,   boost,  175.02,  99346.00,  166.05,  148.23,  197.33, 21.8, 4.05, 4.05, 4.02
6, 8069, 5,     0.24, 3,   boost,  174.40,  99312.00,  168.93,  151.10,  199.13, 21.8, 4.03, 4.05, 4.00
6, 8069, 5,     0.25, 3,   boost,  173.68,  99205.00,  177.99,  160.16,  200.93, 21.8, 4.05, 4.06, 4.00
6, 8069, 5,     0.26, 3,   boost,  172.89,  99159.00,  181.88,  164.05,  202.73, 21.8, 4.03, 4.05, 4.02
6, 8069, 5,     0.27, 3,   boost,  172.03,  99131.00,  184.26,  166.43,  204.53, 21.8, 4.06, 4.08, 4.03
6, 8069, 5,     0.28, 3,   boost,  171.13,  99087.00,  187.98,  170.16,  206.32, 21.9, 4.03, 4.08, 4.03
6, 8069, 5,     0.29, 3,   boost,  170.20,  99046.00,  191.46,  173.63,  208.11, 21.9, 4.06, 4.05, 4.02
6, 8069, 5,     0.30, 3,   boost,  169.25,  98998.00,  195.53,  177.70,  209.89, 21.9, 4.05, 4.05, 4.02
6, 8069, 5,     0.31, 3,   boost,  168.29,  98978.00,  197.23,  179.40,  211.67, 21.9, 4.05, 4.06, 4.02
6, 8069, 5,     0.32, 3,   boost,  167.33,  98931.00,  201.22,  183.39,  213.44, 21.9, 4.05, 4.06, 4.02
6, 8069, 5,     0.33, 3,   boost,  166.37,  98909.00,  203.08,  185.25,  215.21, 21.9, 4.02, 4.08, 4.02
6, 8069, 5,     0.34, 3,   boost,  165.41,  98909.00,  203.08,  185.25,  216.97, 21.9, 4.05, 4.06, 4.03
6, 8069, 5,     0.35, 3,   boost,  164.46,  98841.00,  208.86,  191.03,  218.72, 21.9, 4.03, 4.08, 4.03
6, 8069, 5,     0.36, 3,   boost,  163.51,  98743.00,  217.18,  199.35,  220.46, 21.9, 4.06, 4.03, 4.02
6, 8069, 5,     0.37, 3,   boost,  162.50,  98701.00,  220.75,  202.93,  222.19, 21.9, 4.05, 4.06, 4.03
6, 8069, 5,     0.38, 3,   boost,  161.44,  98661.00,  224.16,  206.33,  223.92, 21.9, 4.06, 4.05, 4.02
6, 8069, 5,     0.39, 3,   boost,  160.32,  98640.00,  225.94,  208.11,  225.63, 21.9, 4.03, 4.06, 4.02
6, 8069, 5,     0.40, 3,   boost,  159.14,  98630.00,  226.79,  208.96,  227.33, 21.9, 4.03, 4.05, 3.99
6, 8069, 5,     0.41, 3,   boost,  157.91,  98606.00,  228.84,  211.01,  229.02, 21.9, 4.03, 4.05, 4.02
6, 8069, 5,     0.42, 3,   boost,  156.62,  98561.00,  232.67,  214.84,  230.70, 21.9, 4.02, 4.08, 4.03
6, 8069, 5,     0.43, 3,   boost,  155.28,  98522.00,  235.99,  218.16,  232.37, 21.9, 4.06, 4.05, 4.02
6, 8069, 5,     0.44, 3,   boost,  153.88,  98503.00,  237.60,  219.77,  234.02, 22.0, 4.03, 4.08, 4.03
6, 8069, 5,     0.45, 3,   boost,  152.42,  98503.00,  237.60,  219.77,  235.66, 22.0, 4.05, 4.06, 4.03
6, 8069, 5,     0.46, 3,   boost,  150.91,  98424.00,  244.33,  226.51,  237.28, 22.0, 4.05, 4.05, 4.02
6, 8069, 5,     0.47, 3,   boost,  149.35,  98356.00,  250.13,  232.30,  238.89, 21.9, 4.05, 4.06, 4.02
6, 8069, 5,     0.48, 3,   boost,  147.73,  98278.00,  256.78,  238.96,  240.48, 22.0, 4.05, 4.06, 4.02
6, 8069, 5,     0.49, 3,   boost,  146.05,  98245.00,  259.60,  241.77,  242.05, 22.0, 4.03, 4.06, 4.03
6, 8069, 5,     0.50, 3,   boost,  144.33,  98207.00,  262.84,  245.02,  243.61, 22.0, 4.12, 4.05, 4.03
6, 8069, 5,     0.51, 3,   boost,  142.55,  98186.00,  264.64,  246.81,  245.15, 22.0, 4.05, 4.06, 4.03
6, 8069, 5,     0.52, 3,   boost,  140.72,  98157.00,  267.11,  249.28,  246.67, 22.0, 4.05, 4.03, 4.02
6, 8069, 5,     0.53, 3,   boost,  138.83,  98133.00,  269.16,  251.33,  248.17, 22.0, 4.03, 4.06, 4.02
6, 8069, 5,     0.54, 3,   boost,  136.90,  98098.00,  272.15,  254.33,  249.65, 22.0, 4.05, 4.06, 3.99
6, 8069, 5,     0.55, 3,   boost,  134.92,  98060.00,  275.40,  257.57,  251.11, 22.0, 4.03, 4.06, 4.02
6, 8069, 5,     0.56, 3,   boost,  132.88,  98060.00,  275.40,  257.57,  252.54, 22.0, 4.02, 4.05, 4.05
6, 8069, 5,     0.57, 3,   boost,  130.81,  98016.00,  279.16,  261.33,  253.96, 22.0, 4.06, 4.05, 4.02
6, 8069, 5,     0.58, 3,   boost,  128.68,  97957.00,  284.21,  266.38,  255.35, 22.0, 4.05, 4.05, 4.00
6, 8069, 5,     0.59, 3,   boost,  126.51,  97908.00,  288.40,  270.57,  256.72, 22.0, 4.05, 4.06, 4.02
6, 8069, 5,     0.60, 3,   boost,  124.29,  97850.00,  293.37,  275.54,  258.07, 22.0, 4.05, 4.06, 4.02
6, 8069, 5,     0.61, 3,   boost,  122.03,  97769.00,  300.31,  282.48,  259.39, 22.0, 4.05, 4.06, 4.02
6, 8069, 5,     0.62, 3,   boost,  119.73,  97672.00,  308.62,  290.79,  260.69, 22.0, 4.05, 4.06, 4.02
6, 8069, 5,     0.63, 3,   boost,  117.38,  97621.00,  313.00,  295.17,  261.96, 22.0, 4.02, 4.08, 4.03
6, 8069, 5,     0.64, 3,   boost,  115.00,  97582.00,  316.34,  298.51,  263.21, 22.1, 4.09, 4.03, 4.03
6, 8069, 5,     0.65, 3,   boost,  112.58,  97601.00,  314.71,  296.88,  264.43, 22.1, 4.03, 4.06, 4.03
6, 8069, 5,     0.66, 3,   boost,  110.12,  97645.00,  310.94,  293.11,  265.62, 22.1, 4.02, 4.09, 4.03
6, 8069, 5,     0.67, 3,   boost,  107.63,  97645.00,  310.94,  293.11,  266.79, 22.1, 4.03, 4.08, 4.05
6, 8069, 5,     0.68, 3,   boost,  105.10,  97650.00,  310.51,  292.68,  267.93, 22.1, 4.05, 4.06, 4.00
6, 8069, 5,     0.69, 3,   boost,  102.54,  97627.00,  312.48,  294.65,  269.04, 22.1, 4.03, 4.06, 4.02
6, 8069, 5,     0.70, 3,   boost,   99.96,  97580.00,  316.51,  298.68,  270.12, 22.1, 4.02, 4.08, 4.03
6, 8069, 5,     0.71, 3,   boost,   97.34,  97527.00,  321.06,  303.23,  271.18, 22.1, 4.05, 4.05, 4.02
6, 8069, 5,     0.72, 3,   boost,   94.69,  97447.00,  327.93,  310.10,  272.20, 22.1, 4.03, 4.05, 4.02
6, 8069, 5,     0.73, 3,   boost,   92.02,  97400.00,  331.97,  314.14,  273.20, 22.1, 4.05, 4.06, 4.02
6, 8069, 5,     0.74, 3,   boost,   89.33,  97339.00,  337.22,  319.39,  274.16, 22.1, 4.05, 4.06, 4.02
6, 8069, 5,     0.75, 3,   boost,   86.61,  97303.00,  340.31,  322.48,  275.10, 22.1, 4.03, 4.05, 4.02
6, 8069, 5,     0.76, 3,   boost,   83.88,  97300.00,  340.57,  322.74,  276.00, 22.1, 4.05, 4.06, 4.02
6, 8069, 5,     0.77, 3,   boost,   81.12,  97282.00,  342.12,  324.29,  276.87, 22.1, 4.05, 4.08, 4.03
6, 8069, 5,     0.78, 3,   boost,   78.35,  97282.00,  342.12,  324.29,  277.71, 22.1, 4.05, 4.06, 4.03
6, 8069, 5,     0.79, 3,   boost,   75.57,  97253.00,  344.61,  326.79,  278.52, 22.1, 4.05, 4.06, 4.02
6, 8069, 5,     0.80, 3,   boost,   72.77,  97201.00,  349.09,  331.26,  279.30, 22.1, 4.03, 4.06, 4.02
6, 8069, 5,     0.81, 3,   boost,   69.97,  97165.00,  352.19,  334.36,  280.05, 22.1, 4.05, 4.05, 4.02
6, 8069, 5,     0.82, 3,   boost,   67.15,  97123.00,  355.81,  337.98,  280.76, 22.1, 4.03, 4.05, 4.02
6, 8069, 5,     0.83, 3,   boost,   64.33,  97087.00,  358.91,  341.08,  281.45, 22.1, 4.05, 4.06, 4.02
6, 8069, 5,     0.84, 3,   boost,   61.51,  97053.00,  361.84,  344.01,  282.10, 22.1, 4.05, 4.06, 4.02
6, 8069, 5,     0.85, 3,   boost,   58.68,  97018.00,  364.86,  347.03,  282.72, 22.2, 4.05, 4.05, 4.02
6, 8069, 5,     0.86, 3,   boost,   55.85,  96970.00,  369.00,  351.17,  283.31, 22.2, 4.05, 4.06, 4.02
6, 8069, 5,     0.87, 3,   boost,   53.02,  96929.00,  372.53,  354.70,  283.86, 22.2, 4.05, 4.06, 4.02
6, 8069, 5,     0.88, 3,   boost,   50.20,  96907.00,  374.43,  356.60,  284.39, 22.2, 4.03, 4.06, 4.02
6, 8069, 5,     0.89, 3,   boost,   47.39,  96907.00,  374.43,  356.60,  284.88, 22.2, 4.06, 4.06, 4.03
6, 8069, 5,     0.90, 3,   boost,   44.58,  96868.00,  377.80,  359.97,  285.34, 22.2, 4.03, 4.05, 4.00
6, 8069, 5,     0.91, 3,   boost,   41.78,  96815.00,  382.38,  364.55,  285.77, 22.2, 4.05, 4.06, 4.02
6, 8069, 5,     0.92, 3,   boost,   38.99,  96794.00,  384.19,  366.36,  286.16, 22.2, 4.05, 4.05, 4.02
6, 8069, 5,     0.93, 3,   boost,   36.22,  96758.00,  387.30,  369.47,  286.53, 22.2, 4.05, 4.05, 4.02
6, 8069, 5,     0.94, 3,   boost,   33.46,  96706.00,  391.79,  373.96,  286.86, 22.2, 4.05, 4.06, 4.02
6, 8069, 5,     0.95, 3,   boost,   30.72,  96691.00,  393.09,  375.26,  287.16, 22.2, 4.05, 4.05, 4.02
6, 8069, 5,     0.96, 3,   boost,   28.00,  96648.00,  396.81,  378.98,  287.43, 22.2, 4.03, 4.05, 4.02
6, 8069, 5,     0.97, 3,   boost,   25.30,  96612.00,  399.92,  382.09,  287.68, 22.2, 4.05, 4.06, 4.03
6, 8069, 5,     0.98, 3,   boost,   22.63,  96579.00,  402.78,  384.95,  287.88, 22.2, 4.03, 4.06, 4.02
6, 8069, 5,     0.99, 3,   boost,   19.98,  96552.00,  405.12,  387.29,  288.06, 22.2, 4.03, 4.06, 4.02
6, 8069, 5,     1.00, 3,   boost,   17.36,  96552.00,  405.12,  387.29,  288.21, 22.2, 4.06, 4.06, 4.03
6, 8069, 5,     1.01, 3,   boost,   14.76,  96509.00,  408.84,  391.01,  288.33, 22.2, 4.05, 4.06, 4.02
6, 8069, 5,     1.02, 3,   boost,   12.20,  96455.00,  413.51,  395.69,  288.42, 22.2, 4.05, 4.05, 4.02
6, 8069, 5,     1.03, 3,   boost,    9.67,  96411.00,  417.33,  399.50,  288.49, 22.2, 4.05, 4.06, 4.02
6, 8069, 5,     1.04, 3,   boost,    7.17,  96390.00,  419.15,  401.32,  288.52, 22.2, 4.05, 4.06, 4.02
6, 8069, 5,     1.05, 3,   boost,    4.71,  96358.00,  421.92,  404.09,  288.53, 22.2, 4.05, 4.06, 4.02
6, 8069, 5,     1.06, 3,   boost,    2.28,  96324.00,  424.87,  407.04,  288.51, 22.2, 4.05, 4.05, 4.02
6, 8069, 5,     1.07, 3,   boost,   -0.10,  96287.00,  428.08,  410.25,  288.46, 22.2, 4.05, 4.06, 4.02
6, 8069, 5,     1.08, 3,   boost,   -2.45,  96251.00,  431.20,  413.37,  288.38, 22.3, 4.05, 4.06, 4.02
6, 8069, 5,     1.09, 3,   boost,   -4.76,  96225.00,  433.46,  415.63,  288.28, 22.3, 4.05, 4.06, 4.02
6, 8069, 5,     1.10, 3,   boost,   -7.02,  96188.00,  436.67,  418.84,  288.15, 22.3, 4.03, 4.08, 4.03
6, 8069, 5,     1.11, 3,   boost,   -9.24,  96188.00,  436.67,  418.84,  288.00, 22.3, 4.05, 4.06, 4.03
6, 8069, 5,     1.12, 3,   boost,  -11.41,  96142.00,  440.67,  422.84,  287.83, 22.3, 4.05, 4.06, 4.02
6, 8069, 5,     1.13, 3,   boost,  -13.54,  96087.00,  445.44,  427.61,  287.63, 22.3, 4.05, 4.05, 4.02
6, 8069, 5,     1.14, 3,   boost,  -15.62,  96070.00,  446.92,  429.09,  287.41, 22.3, 4.03, 4.08, 4.03
6, 8069, 5,     1.15, 3,   boost,  -17.65,  96029.00,  450.48,  432.66,  287.16, 22.3, 4.05, 4.05, 4.02
6, 8069, 5,     1.16, 3,   boost,  -19.64,  95998.00,  453.18,  435.35,  286.89, 22.3, 4.06, 4.06, 4.03
6, 8069, 5,     1.17, 3,   boost,  -21.57,  95968.00,  455.79,  437.96,  286.60, 22.3, 4.06, 4.06, 4.03
6, 8069, 5,     1.18, 3,   boost,  -23.45,  95945.00,  457.79,  439.96,  286.29, 22.3, 4.06, 4.06, 4.03
6, 8069, 5,     1.19, 3,   boost,  -25.28,  95908.00,  461.01,  443.18,  285.96, 22.3, 4.06, 4.06, 4.03
6, 8069, 5,     1.20, 3,   boost,  -27.06,  95868.00,  464.49,  446.66,  285.61, 22.3, 4.06, 4.08, 4.03
6, 8069, 5,     1.21, 3,   boost,  -28.79,  95837.00,  467.19,  449.36,  285.25, 22.3, 4.02, 4.06, 4.02
6, 8069, 5,     1.22, 3,   boost,  -30.46,  95837.00,  467.19,  449.36,  284.86, 22.3, 4.06, 4.06, 4.03
6, 8069, 5,     1.23, 3,   boost,  -32.07,  95785.00,  471.72,  453.89,  284.46, 22.3, 4.03, 4.05, 4.02
6, 8069, 5,     1.24, 3,   boost,  -33.64,  95738.00,  475.82,  457.99,  284.04, 22.3, 4.06, 4.06, 4.03
6, 8069, 5,     1.25, 3,   boost,  -35.14,  95704.00,  478.78,  460.95,  283.60, 22.3, 4.06, 4.06, 4.03
6, 8069, 5,     1.26, 3,   boost,  -36.60,  95669.00,  481.83,  464.00,  283.15, 22.3, 4.06, 4.06, 4.03
6, 8069, 5,     1.27, 3,   boost,  -37.99,  95634.00,  484.88,  467.05,  282.68, 22.3, 4.06, 4.06, 4.03
6, 8069, 5,     1.28, 3,   boost,  -39.33,  95611.00,  486.89,  469.06,  282.20, 22.3, 4.06, 4.06, 4.03
6, 8069, 5,     1.29, 3,   boost,  -40.62,  95581.00,  489.51,  471.68,  281.70, 22.3, 4.06, 4.06, 4.03
6, 8069, 5,     1.30, 3,   boost,  -41.85,  95560.00,  491.34,  473.51,  281.20, 22.3, 4.06, 4.08, 4.03
6, 8069, 5,     1.31, 3,   boost,  -43.02,  95532.00,  493.79,  475.96,  280.68, 22.3, 4.06, 4.06, 4.03
6, 8069, 5,     1.32, 3,   boost,  -44.14,  95506.00,  496.06,  478.23,  280.14, 22.3, 4.02, 4.06, 4.02
6, 8069, 5,     1.33, 3,   boost,  -45.21,  95506.00,  496.06,  478.23,  279.60, 22.3, 4.06, 4.06, 4.03
6, 8069, 5,     1.34, 3,   boost,  -46.22,  95487.00,  497.71,  479.89,  279.05, 22.3, 4.05, 4.05, 4.02
6, 8069, 5,     1.35, 3,   boost,  -47.17,  95422.00,  503.39,  485.56,  278.49, 22.3, 4.06, 4.06, 4.03
6, 8069, 5,     1.36, 3,   boost,  -48.07,  95380.00,  507.06,  489.24,  277.92, 22.3, 4.06, 4.06, 4.03
6, 8069, 5,     1.37, 3,   boost,  -48.91,  95349.00,  509.77,  491.95,  277.35, 22.3, 4.06, 4.06, 4.03
6, 8069, 5,     1.38, 3,   boost,  -49.71,  95302.00,  513.89,  496.06,  276.76, 22.3, 4.06, 4.06, 4.03
6, 8069, 5,     1.39, 3,   boost,  -50.45,  95281.00,  515.72,  497.89,  276.17, 22.3, 4.06, 4.06, 4.02
6, 8069, 5,     1.40, 3,   boost,  -51.13,  95239.00,  519.40,  501.57,  275.57, 22.3, 4.06, 4.06, 4.03
6, 8069, 5,     1.41, 3,   boost,  -51.77,  95209.00,  522.02,  504.19,  274.97, 22.3, 4.06, 4.06, 4.03
6, 8069, 5,     1.42, 3,   boost,  -52.36,  95182.00,  524.39,  506.56,  274.36, 22.4, 4.06, 4.06, 4.03
6, 8069, 5,     1.43, 3,   boost,  -52.89,  95141.00,  527.98,  510.15,  273.75, 22.4, 4.02, 4.06, 4.02
6, 8069, 5,     1.44, 3,   boost,  -53.38,  95141.00,  527.98,  510.15,  273.13, 22.4, 4.06, 4.06, 4.03
6, 8069, 5,     1.45, 3,   boost,  -53.82,  95108.00,  530.87,  513.04,  272.51, 22.4, 4.05, 4.05, 4.02
6, 8069, 5,     1.46, 3,   boost,  -54.22,  95071.00,  534.11,  516.28,  271.89, 22.3, 4.06, 4.06, 4.03
6, 8069, 5,     1.47, 3,   boost,  -54.57,  95046.00,  536.30,  518.47,  271.27, 22.3, 4.06, 4.06, 4.03
6, 8069, 5,     1.48, 3,   boost,  -54.88,  95019.00,  538.67,  520.84,  270.64, 22.4, 4.06, 4.06, 4.03
6, 8069, 5,     1.49, 3,   boost,  -55.14,  94986.00,  541.57,  523.74,  270.01, 22.4, 4.06, 4.06, 4.03
6, 8069, 5,     1.50, 3,   boost,  -55.36,  94946.00,  545.07,  527.25,  269.39, 22.4, 4.06, 4.06, 4.02
6, 8069, 5,     1.51, 3,   boost,  -55.54,  94912.00,  548.06,  530.23,  268.76, 22.4, 4.06, 4.06, 4.03
6, 8069, 5,     1.52, 3,   boost,  -55.69,  94891.00,  549.90,  532.07,  268.14, 22.4, 4.06, 4.06, 4.03
6, 8069, 5,     1.53, 3,   boost,  -55.79,  94844.00,  554.03,  536.20,  267.51, 22.4, 4.06, 4.06, 4.03
6, 8069, 5,     1.54, 3,   boost,  -55.86,  94827.00,  555.52,  537.69,  266.89, 22.4, 4.02, 4.06, 4.02
6, 8069, 5,     1.55, 3,   boost,  -55.90,  94827.00,  555.52,  537.69,  266.26, 22.4, 4.06, 4.06, 4.03
6, 8069, 5,     1.56, 3,   boost,  -55.90,  94794.00,  558.42,  540.59,  265.64, 22.4, 4.05, 4.05, 4.02
6, 8069, 5,     1.57, 3,   boost,  -55.87,  94746.00,  562.64,  544.81,  265.03, 22.4, 4.06, 4.06, 4.03
6, 8069, 5,     1.58, 3,   boost,  -55.81,  94725.00,  564.48,  546.65,  264.41, 22.4, 4.06, 4.06, 4.03
6, 8069, 5,     1.59, 3,   boost,  -55.72,  94678.00,  568.62,  550.79,  263.81, 22.4, 4.06, 4.06, 4.03
6, 8069, 5,     1.60, 3,   boost,  -55.60,  94650.00,  571.08,  553.25,  263.20, 22.4, 4.06, 4.08, 4.03
6, 8069, 5,     1.61, 3,   boost,  -55.46,  94604.00,  575.13,  557.30,  262.60, 22.4, 4.06, 4.06, 4.03
6, 8069, 5,     1.62, 3,   boost,  -55.30,  94571.00,  578.03,  560.20,  262.00, 22.4, 4.06, 4.06, 4.03
6, 8069, 5,     1.63, 3,   boost,  -55.11,  94552.00,  579.70,  561.87,  261.41, 22.4, 4.06, 4.06, 4.03
6, 8069, 5,     1.64, 3,   boost,  -54.90,  94528.00,  581.82,  563.99,  260.82, 22.4, 4.06, 4.06, 4.03
6, 8069, 5,     1.65, 3,   boost,  -54.67,  94509.00,  583.49,  565.66,  260.23, 22.4, 4.02, 4.05, 4.02
6, 8069, 5,     1.66, 3,   boost,  -54.42,  94509.00,  583.49,  565.66,  259.66, 22.4, 4.06, 4.06, 4.03
6, 8069, 5,     1.67, 3,   boost,  -54.16,  94487.00,  585.43,  567.60,  259.08, 22.4, 4.05, 4.05, 4.02
6, 8069, 5,     1.68, 3,   boost,  -53.88,  94448.00,  588.86,  571.03,  258.52, 22.4, 4.06, 4.06, 4.02
6, 8069, 5,     1.69, 3,   boost,  -53.58,  94402.00,  592.92,  575.09,  257.96, 22.4, 4.06, 4.06, 4.02
6, 8069, 5,     1.70, 3,   boost,  -53.28,  94356.00,  596.97,  579.14,  257.41, 22.4, 4.06, 4.06, 4.03
6, 8069, 5,     1.71, 3,   boost,  -52.96,  94325.00,  599.71,  581.88,  256.86, 22.4, 4.06, 4.06, 4.03
6, 8069, 5,     1.72, 3,   boost,  -52.63,  94299.00,  602.00,  584.17,  256.32, 22.4, 4.06, 4.06, 4.03
6, 8069, 5,     1.73, 3,   boost,  -52.30,  94265.00,  605.00,  587.17,  255.79, 22.4, 4.06, 4.08, 4.03
6, 8069, 5,     1.74, 3,   boost,  -51.95,  94221.00,  608.89,  591.06,  255.26, 22.4, 4.06, 4.06, 4.03
6, 8069, 5,     1.75, 3,   boost,  -51.60,  94192.00,  611.45,  593.62,  254.74, 22.4, 4.06, 4.08, 4.03
6, 8069, 5,     1.76, 3,   boost,  -51.25,  94117.00,  618.07,  600.24,  254.23, 22.4, 4.02, 4.06, 4.02
6, 8069, 5,     1.77, 3,   boost,  -50.89,  94117.00,  618.07,  600.24,  253.73, 22.4, 4.06, 4.06, 4.03
6, 8069, 5,     1.78, 3,   boost,  -50.52,  94074.00,  621.87,  604.04,  253.23, 22.4, 4.05, 4.06, 4.02
6, 8069, 5,     1.79, 3,   boost,  -50.16,  94066.00,  622.58,  604.75,  252.74, 22.4, 4.06, 4.06, 4.03
6, 8069, 5,     1.80, 3,   boost,  -49.79,  94055.00,  623.55,  605.72,  252.25, 22.4, 4.06, 4.06, 4.02
6, 8069, 5,     1.81, 3,   boost,  -49.42,  94026.00,  626.12,  608.29,  251.78, 22.4, 4.06, 4.06, 4.03
6, 8069, 5,     1.82, 3,   boost,  -49.06,  94016.00,  627.00,  609.17,  251.31, 22.4, 4.06, 4.06, 4.03
6, 8069, 5,     1.83, 3,   boost,  -48.69,  93985.00,  629.74,  611.91,  250.85, 22.4, 4.06, 4.06, 4.03
6, 8069, 5,     1.84, 3,   boost,  -48.33,  93952.00,  632.66,  614.83,  250.39, 22.4, 4.06, 4.08, 4.03
6, 8069, 5,     1.85, 3,   boost,  -47.97,  93920.00,  635.49,  617.67,  249.95, 22.4, 4.06, 4.08, 4.03
6, 8069, 5,     1.86, 3,   boost,  -47.61,  93898.00,  637.44,  619.61,  249.51, 22.4, 4.06, 4.08, 4.03
6, 8069, 5,     1.87, 3,   boost,  -47.25,  93878.00,  639.21,  621.38,  249.07, 22.4, 4.02, 4.06, 4.02
6, 8069, 5,     1.88, 3,   boost,  -46.90,  93878.00,  639.21,  621.38,  248.62, 22.4, 4.06, 4.06, 4.03
6, 8069, 5,     1.89, 3,   boost,  -46.55,  93855.00,  641.25,  623.42,  248.18, 22.4, 4.05, 4.05, 4.02
6, 8069, 5,     1.90, 3,   boost,  -46.21,  93799.00,  646.21,  628.38,  247.74, 22.4, 4.06, 4.08, 4.03
6, 8069, 5,     1.91, 3,   boost,  -45.87,  93771.00,  648.69,  630.86,  247.30, 22.4, 4.06, 4.06, 4.03
6, 8069, 5,     1.92, 3,   boost,  -45.54,  93747.00,  650.82,  632.99,  246.85, 22.4, 4.06, 4.06, 4.03
6, 8069, 5,     1.93, 3,   boost,  -45.22,  93721.00,  653.12,  635.30,  246.41, 22.4, 4.06, 4.06, 4.03
6, 8069, 5,     1.94, 3,   boost,  -44.90,  93680.00,  656.76,  638.93,  245.96, 22.4, 4.06, 4.06, 4.03
6, 8069, 5,     1.95, 3,   boost,  -44.59,  93643.00,  660.04,  642.21,  245.50, 22.4, 4.06, 4.08, 4.03
6, 8069, 5,     1.96, 3,   boost,  -44.28,  93613.00,  662.71,  644.88,  245.05, 22.4, 4.06, 4.06, 4.03
6, 8069, 5,     1.97, 3,   boost,  -43.98,  93570.00,  666.52,  648.69,  244.60, 22.4, 4.06, 4.08, 4.03
6, 8069, 5,     1.98, 3,   boost,  -43.68,  93562.00,  667.23,  649.40,  244.17, 22.4, 4.02, 4.06, 4.02
6, 8069, 5,     1.99, 3,   boost,  -43.40,  93562.00,  667.23,  649.40,  243.76, 22.4, 4.06, 4.06, 4.03
6, 8069, 5,     2.00, 3,   boost,  -43.12,  93537.00,  669.45,  651.62,  243.35, 22.4, 4.05, 4.05, 4.02
6, 8069, 5,     2.01, 3,   boost,  -42.84,  93504.00,  672.38,  654.56,  242.94, 22.4, 4.06, 4.06, 4.02
6, 8069, 5,     2.02, 3,   boost,  -42.57,  93487.00,  673.89,  656.07,  242.51, 22.4, 4.06, 4.06, 4.03
6, 8069, 5,     2.03, 3,   boost,  -42.31,  93445.00,  677.63,  659.80,  242.08, 22.4, 4.05, 4.06, 4.03
6, 8069, 5,     2.04, 3,   boost,  -42.05,  93424.00,  679.49,  661.66,  241.66, 22.4, 4.06, 4.06, 4.03
6, 8069, 5,     2.05, 3,   boost,  -41.81,  93390.00,  682.52,  664.69,  241.24, 22.4, 4.06, 4.06, 4.02
6, 8069, 5,     2.06, 3,   boost,  -41.56,  93360.00,  685.18,  667.36,  240.81, 22.4, 4.06, 4.08, 4.03
6, 8069, 5,     2.07, 3,   boost,  -41.32,  93338.00,  687.14,  669.31,  240.39, 22.4, 4.06, 4.06, 4.03
6, 8069, 5,     2.08, 3,   boost,  -41.09,  93302.00,  690.35,  672.52,  239.97, 22.4, 4.06, 4.06, 4.02
6, 8069, 5,     2.09, 3,   boost,  -40.87,  93278.00,  692.48,  674.65,  239.55, 22.5, 4.02, 4.06, 4.02
6, 8069, 5,     2.10, 3,   boost,  -40.65,  93278.00,  692.48,  674.65,  239.14, 22.5, 4.06, 4.06, 4.03
6, 8069, 5,     2.11, 3,   boost,  -40.43,  93232.00,  696.58,  678.75,  238.75, 22.4, 4.05, 4.05, 4.02
6, 8069, 5,     2.12, 3,   boost,  -40.22,  93194.00,  699.96,  682.13,  238.35, 22.4, 4.06, 4.08, 4.03
6, 8069, 5,     2.13, 3,   boost,  -40.01,  93173.00,  701.83,  684.00,  237.96, 22.4, 4.06, 4.06, 4.03
6, 8069, 5,     2.14, 3,   boost,  -39.81,  93145.00,  704.33,  686.50,  237.58, 22.4, 4.06, 4.06, 4.03
6, 8069, 5,     2.15, 3,   boost,  -39.62,  93120.00,  706.55,  688.73,  237.20, 22.4, 4.06, 4.06, 4.03
6, 8069, 5,     2.16, 3,   boost,  -39.43,  93097.00,  708.60,  690.78,  236.83, 22.4, 4.06, 4.06, 4.03
6, 8069, 5,     2.17, 3,   boost,  -39.24,  93067.00,  711.28,  693.45,  236.44, 22.4, 4.06, 4.06, 4.03
6, 8069, 5,     2.18, 3,   boost,  -39.06,  93048.00,  712.97,  695.15,  236.05, 22.5, 4.06, 4.06, 4.03
6, 8069, 5,     2.19, 3,   boost,  -38.88,  93020.00,  715.47,  697.64,  235.67, 22.5, 4.06, 4.06, 4.03
6, 8069, 5,     2.20, 3,   boost,  -38.70,  93001.00,  717.17,  699.34,  235.28, 22.5, 4.02, 4.08, 4.03
6, 8069, 5,     2.21, 3,   boost,  -38.53,  93001.00,  717.17,  699.34,  234.91, 22.5, 4.06, 4.06, 4.03
6, 8069, 5,     2.22, 3,   boost,  -38.36,  92951.00,  721.63,  703.80,  234.53, 22.5, 4.05, 4.05, 4.02
6, 8069, 5,     2.23, 3,   boost,  -38.20,  92909.00,  725.38,  707.55,  234.15, 22.4, 4.06, 4.06, 4.03
6, 8069, 5,     2.24, 3,   boost,  -38.04,  92876.00,  728.33,  710.50,  233.77, 22.4, 4.06, 4.08, 4.03
6, 8069, 5,     2.25, 3,   boost,  -37.88,  92865.00,  729.31,  711.48,  233.40, 22.4, 4.06, 4.06, 4.03
6, 8069, 5,     2.26, 3,   boost,  -37.72,  92835.00,  731.99,  714.16,  233.03, 22.4, 4.06, 4.06, 4.03
6, 8069, 5,     2.27, 3,   boost,  -37.57,  92805.00,  734.67,  716.84,  232.66, 22.5, 4.06, 4.06, 4.03
6, 8069, 5,     2.28, 3,   boost,  -37.42,  92776.00,  737.26,  719.43,  232.29, 22.5, 4.06, 4.08, 4.03
6, 8069, 5,     2.29, 3,   boost,  -37.28,  92749.00,  739.68,  721.85,  231.92, 22.5, 4.06, 4.06, 4.03
6, 8069, 5,     2.30, 3,   boost,  -37.13,  92730.00,  741.38,  723.55,  231.56, 22.5, 4.06, 4.08, 4.03
6, 8069, 5,     2.31, 3,   boost,  -36.99,  92705.00,  743.61,  725.78,  231.19, 22.5, 4.02, 4.05, 4.02
6, 8069, 5,     2.32, 3,   boost,  -36.85,  92705.00,  743.61,  725.78,  230.82, 22.5, 4.06, 4.06, 4.03
6, 8069, 5,     2.33, 3,   boost,  -36.72,  92671.00,  746.65,  728.82,  230.46, 22.5, 4.05, 4.05, 4.02
6, 8069, 5,     2.34, 3,   boost,  -36.58,  92637.00,  749.70,  731.87,  230.09, 22.4, 4.06, 4.06, 4.03
6, 8069, 5,     2.35, 3,   boost,  -36.45,  92609.00,  752.20,  734.37,  229.73, 22.5, 4.06, 4.06, 4.03
6, 8069, 5,     2.36, 3,   boost,  -36.33,  92572.00,  755.52,  737.69,  229.37, 22.5, 4.06, 4.06, 4.02
6, 8069, 5,     2.37, 3,   boost,  -36.20,  92549.00,  757.58,  739.75,  229.01, 22.5, 4.06, 4.06, 4.03
6, 8069, 5,     2.38, 3,   boost,  -36.08,  92534.00,  758.92,  741.09,  228.66, 22.5, 4.06, 4.06, 4.03
6, 8069, 5,     2.39, 3,   boost,  -35.95,  92504.00,  761.61,  743.78,  228.30, 22.5, 4.06, 4.08, 4.02
6, 8069, 5,     2.40, 3,   boost,  -35.83,  92488.00,  763.04,  745.21,  227.94, 22.5, 4.06, 4.06, 4.03
6, 8069, 5,     2.41, 3,   boost,  -35.72,  92457.00,  765.82,  747.99,  227.59, 22.5, 4.06, 4.06, 4.03
6, 8069, 5,     2.42, 3,   boost,  -35.60,  92434.00,  767.88,  750.05,  227.23, 22.5, 4.02, 4.06, 4.02
6, 8069, 5,     2.43, 3,   boost,  -35.49,  92434.00,  767.88,  750.05,  226.87, 22.5, 4.06, 4.06, 4.03
6, 8069, 5,     2.44, 3,   boost,  -35.38,  92407.00,  770.30,  752.48,  226.52, 22.5, 4.03, 4.05, 4.02
6, 8069, 5,     2.45, 3,   boost,  -35.27,  92357.00,  774.79,  756.96,  226.16, 22.5, 4.06, 4.06, 4.03
6, 8069, 5,     2.46, 3,   boost,  -35.16,  92329.00,  777.30,  759.47,  225.81, 22.5, 4.06, 4.06, 4.03
6, 8069, 5,     2.47, 3,   boost,  -35.06,  92312.00,  778.83,  761.00,  225.46, 22.5, 4.06, 4.06, 4.03
6, 8069, 5,     2.48, 3,   boost,  -34.95,  92284.00,  781.34,  763.51,  225.12, 22.5, 4.06, 4.06, 4.03
6, 8069, 5,     2.49, 3,   boost,  -34.85,  92250.00,  784.40,  766.57,  224.77, 22.5, 4.06, 4.06, 4.03
6, 8069, 5,     2.50, 3,   boost,  -34.75,  92231.00,  786.10,  768.27,  224.42, 22.5, 4.06, 4.06, 4.03
6, 8069, 5,     2.51, 3,   boost,  -34.65,  92197.00,  789.16,  771.33,  224.08, 22.5, 4.06, 4.06, 4.03
6, 8069, 5,     2.52, 3,   boost,  -34.55,  92187.00,  790.06,  772.23,  223.73, 22.5, 4.06, 4.06, 4.03
6, 8069, 5,     2.53, 3,   boost,  -34.46,  92151.00,  793.29,  775.46,  223.39, 22.5, 4.02, 4.06, 4.02
6, 8069, 5,     2.54, 3,   boost,  -34.36,  92151.00,  793.29,  775.46,  223.04, 22.5, 4.06, 4.06, 4.03
6, 8069, 5,     2.55, 3,   boost,  -34.27,  92114.00,  796.62,  778.79,  222.70, 22.5, 4.05, 4.06, 4.03
6, 8069, 5,     2.56, 3,   boost,  -34.18,  92083.00,  799.41,  781.58,  222.36, 22.5, 4.06, 4.06, 4.03
6, 8069, 5,     2.57, 3,   boost,  -34.08,  92057.00,  801.74,  783.91,  222.01, 22.5, 4.06, 4.06, 4.03
6, 8069, 5,     2.58, 3,   boost,  -33.99,  92037.00,  803.54,  785.71,  221.67, 22.5, 4.06, 4.03, 4.02
6, 8069, 5,     2.59, 3,   boost,  -33.90,  92008.00,  806.15,  788.32,  221.34, 22.5, 4.05, 4.05, 4.02
6, 8069, 5,     2.60, 3,   boost,  -33.81,  91973.00,  809.30,  791.47,  221.00, 22.5, 4.05, 4.05, 4.02
6, 8069, 5,     2.61, 3,   boost,  -33.73,  91953.00,  811.10,  793.28,  220.66, 22.5, 4.03, 4.08, 4.02
6, 8069, 5,     2.62, 3,   boost,  -33.64,  91941.00,  812.19,  794.36,  220.33, 22.5, 4.05, 4.05, 4.02
6, 8069, 5,     2.63, 3,   boost,  -33.55,  91927.00,  813.45,  795.62,  220.00, 22.5, 4.05, 4.06, 4.02
6, 8069, 5,     2.64, 5,   coast,  -33.47,  91890.00,  816.78,  798.95,  219.68, 22.5, 4.02, 4.08, 4.02
6, 8069, 5,     2.64, 5,   coast,  -33.47,  91890.00,  816.78,  798.95,  219.68, 22.5, 4.02, 4.08, 4.02
6, 8069, 5,     2.65, 5,   coast,  -33.38,  91890.00,  816.78,  798.95,  219.35, 22.5, 4.05, 4.06, 4.00
6, 8069, 5,     2.66, 5,   coast,  -33.29,  91854.00,  820.02,  802.19,  219.01, 22.5, 4.05, 4.06, 4.02
6, 8069, 5,     2.67, 5,   coast,  -33.21,  91821.00,  823.00,  805.17,  218.68, 22.5, 4.02, 4.05, 4.02
6, 8069, 5,     2.68, 5,   coast,  -33.12,  91786.00,  826.15,  808.32,  218.34, 22.5, 4.05, 4.06, 4.00
6, 8069, 5,     2.69, 5,   coast,  -33.04,  91760.00,  828.50,  810.67,  218.01, 22.5, 4.05, 4.05, 4.02
6, 8069, 5,     2.70, 5,   coast,  -32.95,  91741.00,  830.21,  812.38,  217.68, 22.5, 4.05, 4.06, 4.03
6, 8069, 5,     2.71, 5,   coast,  -32.87,  91714.00,  832.65,  814.82,  217.34, 22.5, 4.03, 4.06, 4.03
6, 8069, 5,     2.72, 5,   coast,  -32.79,  91695.00,  834.36,  816.53,  217.02, 22.5, 4.05, 4.06, 4.02
6, 8069, 5,     2.73, 5,   coast,  -32.71,  91666.00,  836.98,  819.15,  216.69, 22.5, 4.06, 4.05, 4.02
6, 8069, 5,     2.74, 5,   coast,  -32.62,  91637.00,  839.60,  821.77,  216.36, 22.5, 4.05, 4.05, 4.02
6, 8069, 5,     2.75, 5,   coast,  -32.54,  91629.00,  840.32,  822.49,  216.04, 22.5, 4.03, 4.08, 4.02
6, 8069, 5,     2.76, 5,   coast,  -32.46,  91629.00,  840.32,  822.49,  215.71, 22.5, 4.06, 4.08, 4.03
6, 8069, 5,     2.77, 5,   coast,  -32.38,  91591.00,  843.75,  825.93,  215.39, 22.5, 4.06, 4.08, 4.03
6, 8069, 5,     2.78, 5,   coast,  -32.30,  91550.00,  847.46,  829.63,  215.06, 22.5, 4.03, 4.08, 4.03
6, 8069, 5,     2.79, 5,   coast,  -32.22,  91534.00,  848.90,  831.08,  214.74, 22.5, 4.06, 4.05, 4.02
6, 8069, 5,     2.80, 5,   coast,  -32.13,  91504.00,  851.62,  833.79,  214.42, 22.5, 4.03, 4.05, 4.02
6, 8069, 5,     2.81, 5,   coast,  -32.05,  91490.00,  852.88,  835.05,  214.09, 22.5, 4.05, 4.06, 4.02
6, 8069, 5,     2.82, 5,   coast,  -31.97,  91452.00,  856.32,  838.49,  213.77, 22.5, 4.05, 4.06, 4.02
6, 8069, 5,     2.83, 5,   coast,  -31.89,  91437.00,  857.68,  839.85,  213.45, 22.5, 4.05, 4.05, 4.02
6, 8069, 5,     2.84, 5,   coast,  -31.81,  91415.00,  859.67,  841.84,  213.13, 22.5, 4.05, 4.06, 4.02
6, 8069, 5,     2.85, 5,   coast,  -31.73,  91393.00,  861.66,  843.83,  212.82, 22.5, 4.03, 4.06, 4.03
6, 8069, 5,     2.86, 5,   coast,  -31.65,  91366.00,  864.10,  846.27,  212.50, 22.5, 4.02, 4.08, 4.03
6, 8069, 5,     2.87, 5,   coast,  -31.57,  91366.00,  864.10,  846.27,  212.18, 22.5, 4.05, 4.06, 4.03
6, 8069, 5,     2.88, 5,   coast,  -31.49,  91340.00,  866.45,  848.62,  211.87, 22.5, 4.05, 4.03, 4.02
6, 8069, 5,     2.89, 5,   coast,  -31.42,  91287.00,  871.25,  853.42,  211.55, 22.5, 4.03, 4.06, 4.02
6, 8069, 5,     2.90, 5,   coast,  -31.34,  91264.00,  873.34,  855.51,  211.24, 22.5, 4.05, 4.05, 4.00
6, 8069, 5,     2.91, 5,   coast,  -31.26,  91246.00,  874.97,  857.14,  210.92, 22.5, 4.05, 4.06, 4.02
6, 8069, 5,     2.92, 5,   coast,  -31.18,  91225.00,  876.87,  859.04,  210.61, 22.5, 4.02, 4.08, 4.03
6, 8069, 5,     2.93, 5,   coast,  -31.10,  91200.00,  879.14,  861.31,  210.30, 22.5, 4.06, 4.05, 4.02
6, 8069, 5,     2.94, 5,   coast,  -31.02,  91171.00,  881.77,  863.94,  209.99, 22.5, 4.05, 4.05, 4.02
6, 8069, 5,     2.95, 5,   coast,  -30.94,  91157.00,  883.04,  865.21,  209.68, 22.5, 4.05, 4.06, 4.02
6, 8069, 5,     2.96, 5,   coast,  -30.87,  91133.00,  885.21,  867.38,  209.37, 22.5, 4.05, 4.06, 4.02
6, 8069, 5,     2.97, 5,   coast,  -30.79,  91119.00,  886.48,  868.65,  209.06, 22.5, 4.03, 4.08, 4.03
6, 8069, 5,     2.98, 5,   coast,  -30.71,  91119.00,  886.48,  868.65,  208.76, 22.5, 4.05, 4.08, 4.05
6, 8069, 5,     2.99, 5,   coast,  -30.63,  91079.00,  890.11,  872.28,  208.45, 22.5, 4.03, 4.08, 4.03
6, 8069, 5,     3.00, 5,   coast,  -30.56,  91043.00,  893.38,  875.55,  208.14, 22.5, 4.08, 4.03, 4.02
6, 8069, 5,     3.01, 5,   coast,  -30.48,  91028.00,  894.74,  876.91,  207.84, 22.5, 4.05, 4.06, 4.03
6, 8069, 5,     3.02, 5,   coast,  -30.40,  90998.00,  897.46,  879.64,  207.53, 22.5, 4.06, 4.05, 4.02
6, 8069, 5,     3.03, 5,   coast,  -30.32,  90974.00,  899.64,  881.82,  207.23, 22.5, 4.03, 4.06, 4.02
6, 8069, 5,     3.04, 5,   coast,  -30.25,  90961.00,  900.83,  883.00,  206.93, 22.5, 4.05, 4.05, 3.99
6, 8069, 5,     3.05, 5,   coast,  -30.17,  90933.00,  903.37,  885.54,  206.62, 22.5, 4.03, 4.06, 4.02
6, 8069, 5,     3.06, 5,   coast,  -30.10,  90905.00,  905.91,  888.08,  206.32, 22.5, 4.06, 4.06, 4.03
6, 8069, 5,     3.07, 5,   coast,  -30.02,  90890.00,  907.28,  889.45,  206.02, 22.5, 4.05, 4.06, 4.03
6, 8069, 5,     3.08, 5,   coast,  -29.94,  90861.00,  909.91,  892.08,  205.72, 22.5, 4.03, 4.06, 4.02
6, 8069, 5,     3.09, 5,   coast,  -29.87,  90861.00,  909.91,  892.08,  205.42, 22.5, 4.05, 4.05, 4.02
6, 8069, 5,     3.10, 5,   coast,  -29.79,  90833.00,  912.46,  894.63,  205.13, 22.5, 4.06, 4.08, 4.00
6, 8069, 5,     3.11, 5,   coast,  -29.72,  90799.00,  915.55,  897.72,  204.83, 22.5, 4.03, 4.05, 4.02
6, 8069, 5,     3.12, 5,   coast,  -29.64,  90780.00,  917.28,  899.45,  204.53, 22.5, 4.05, 4.06, 4.03
6, 8069, 5,     3.13, 5,   coast,  -29.57,  90754.00,  919.65,  901.82,  204.24, 22.5, 4.05, 4.08, 4.03
6, 8069, 5,     3.14, 5,   coast,  -29.50,  90735.00,  921.38,  903.55,  203.94, 22.5, 4.05, 4.06, 4.02
6, 8069, 5,     3.15, 5,   coast,  -29.42,  90705.00,  924.11,  906.28,  203.65, 22.5, 4.06, 4.06, 4.02
6, 8069, 5,     3.16, 5,   coast,  -29.35,  90681.00,  926.29,  908.46,  203.35, 22.5, 4.05, 4.05, 4.00
6, 8069, 5,     3.17, 5,   coast,  -29.28,  90678.00,  926.57,  908.74,  203.06, 22.5, 4.06, 4.06, 4.02
6, 8069, 5,     3.18, 5,   coast,  -29.20,  90639.00,  930.12,  912.29,  202.77, 22.5, 4.02, 4.06, 4.02
6, 8069, 5,     3.19, 5,   coast,  -29.13,  90621.00,  931.76,  913.93,  202.48, 22.5, 4.03, 4.09, 4.03
6, 8069, 5,     3.20, 5,   coast,  -29.06,  90621.00,  931.76,  913.93,  202.19, 22.5, 4.03, 4.06, 4.05
6, 8069, 5,     3.21, 5,   coast,  -28.99,  90594.00,  934.22,  916.39,  201.90, 22.5, 4.06, 4.05, 4.02
6, 8069, 5,     3.22, 5,   coast,  -28.92,  90553.00,  937.96,  920.13,  201.61, 22.5, 4.05, 4.06, 4.02
6, 8069, 5,     3.23, 5,   coast,  -28.85,  90532.00,  939.87,  922.04,  201.32, 22.5, 4.03, 4.06, 4.02
6, 8069, 5,     3.24, 5,   coast,  -28.78,  90514.00,  941.51,  923.68,  201.03, 22.5, 4.05, 4.06, 4.02
6, 8069, 5,     3.25, 5,   coast,  -28.71,  90484.00,  944.25,  926.42,  200.74, 22.5, 4.05, 4.06, 4.02
6, 8069, 5,     3.26, 5,   coast,  -28.64,  90472.00,  945.34,  927.51,  200.46, 22.5, 4.05, 4.06, 4.02
6, 8069, 5,     3.27, 5,   coast,  -28.57,  90454.00,  946.99,  929.16,  200.17, 22.5, 4.03, 4.06, 4.03
6, 8069, 5,     3.28, 5,   coast,  -28.50,  90419.00,  950.18,  932.35,  199.89, 22.5, 4.09, 4.03, 4.02
6, 8069, 5,     3.29, 5,   coast,  -28.43,  90404.00,  951.55,  933.72,  199.61, 22.5, 4.05, 4.06, 4.03
6, 8069, 5,     3.30, 5,   coast,  -28.36,  90384.00,  953.38,  935.55,  199.32, 22.5, 4.02, 4.08, 4.03
6, 8069, 5,     3.31, 5,   coast,  -28.29,  90384.00,  953.38,  935.55,  199.04, 22.5, 4.03, 4.08, 4.06
6, 8069, 5,     3.32, 5,   coast,  -28.23,  90350.00,  956.48,  938.65,  198.76, 22.5, 4.05, 4.06, 4.00
6, 8069, 5,     3.33, 5,   coast,  -28.16,  90308.00,  960.32,  942.49,  198.47, 22.5, 4.03, 4.06, 4.02
6, 8069, 5,     3.34, 5,   coast,  -28.09,  90293.00,  961.69,  943.86,  198.19, 22.5, 4.02, 4.08, 4.03
6, 8069, 5,     3.35, 5,   coast,  -28.03,  90275.00,  963.33,  945.51,  197.91, 22.5, 4.06, 4.05, 4.02
6, 8069, 5,     3.36, 5,   coast,  -27.96,  90251.00,  965.53,  947.70,  197.63, 22.5, 4.05, 4.06, 4.02
6, 8069, 5,     3.37, 5,   coast,  -27.89,  90227.00,  967.72,  949.89,  197.35, 22.5, 4.05, 4.05, 4.02
6, 8069, 5,     3.38, 5,   coast,  -27.83,  90209.00,  969.37,  951.54,  197.07, 22.5, 4.05, 4.05, 4.00
6, 8069, 5,     3.39, 5,   coast,  -27.76,  90189.00,  971.20,  953.37,  196.79, 22.5, 4.05, 4.06, 4.02
6, 8069, 5,     3.40, 5,   coast,  -27.70,  90159.00,  973.94,  956.11,  196.52, 22.5, 4.03, 4.05, 4.02
6, 8069, 5,     3.41, 5,   coast,  -27.63,  90142.00,  975.50,  957.67,  196.24, 22.5, 4.03, 4.09, 4.02
6, 8069, 5,     3.42, 5,   coast,  -27.57,  90142.00,  975.50,  957.67,  195.97, 22.5, 4.06, 4.06, 4.03
6, 8069, 5,     3.43, 5,   coast,  -27.51,  90114.00,  978.06,  960.23,  195.69, 22.5, 4.05, 4.05, 4.02
6, 8069, 5,     3.44, 5,   coast,  -27.44,  90078.00,  981.36,  963.53,  195.42, 22.5, 4.05, 4.06, 4.02
6, 8069, 5,     3.45, 5,   coast,  -27.38,  90052.00,  983.74,  965.91,  195.14, 22.5, 4.03, 4.06, 4.02
6, 8069, 5,     3.46, 5,   coast,  -27.32,  90039.00,  984.93,  967.10,  194.87, 22.5, 4.05, 4.06, 4.02
6, 8069, 5,     3.47, 5,   coast,  -27.26,  90012.00,  987.40,  969.57,  194.60, 22.5, 4.05, 4.06, 4.03
6, 8069, 5,     3.48, 5,   coast,  -27.20,  89994.00,  989.05,  971.22,  194.33, 22.5, 4.05, 4.06, 4.02
6, 8069, 5,     3.49, 5,   coast,  -27.14,  89963.00,  991.89,  974.06,  194.05, 22.5, 4.05, 4.06, 4.02
6, 8069, 5,     3.50, 5,   coast,  -27.08,  89948.00,  993.27,  975.44,  193.78, 22.5, 4.05, 4.06, 4.02
6, 8069, 5,     3.51, 5,   coast,  -27.02,  89925.00,  995.37,  977.55,  193.51, 22.5, 4.05, 4.06, 4.02
6, 8069, 5,     3.52, 5,   coast,  -26.96,  89907.00,  997.03,  979.20,  193.24, 22.5, 4.05, 4.05, 4.02
6, 8069, 5,     3.53, 5,   coast,  -26.90,  89907.00,  997.03,  979.20,  192.98, 22.5, 4.06, 4.06, 4.03
6, 8069, 5,     3.54, 5,   coast,  -26.84,  89884.00,  999.13,  981.31,  192.71, 22.5, 4.05, 4.06, 4.02
6, 8069, 5,     3.55, 5,   coast,  -26.78,  89841.00, 1003.08,  985.25,  192.44, 22.5, 4.05, 4.06, 4.02
6, 8069, 5,     3.56, 5,   coast,  -26.72,  89833.00, 1003.81,  985.98,  192.17, 22.5, 4.05, 4.06, 4.02
6, 8069, 5,     3.57, 5,   coast,  -26.66,  89802.00, 1006.66,  988.83,  191.90, 22.5, 4.05, 4.06, 4.02
6, 8069, 5,     3.58, 5,   coast,  -26.61,  89779.00, 1008.77,  990.94,  191.64, 22.5, 4.03, 4.05, 4.02
6, 8069, 5,     3.59, 5,   coast,  -26.55,  89755.00, 1010.97,  993.14,  191.37, 22.5, 4.05, 4.06, 4.02
6, 8069, 5,     3.60, 5,   coast,  -26.49,  89738.00, 1012.54,  994.71,  191.11, 22.5, 4.05, 4.05, 4.02
6, 8069, 5,     3.61, 5,   coast,  -26.44,  89721.00, 1014.10,  996.27,  190.84, 22.5, 4.05, 4.06, 4.02
6, 8069, 5,     3.62, 5,   coast,  -26.38,  89703.00, 1015.75,  997.92,  190.58, 22.5, 4.05, 4.05, 4.02
6, 8069, 5,     3.63, 5,   coast,  -26.33,  89686.00, 1017.31,  999.48,  190.32, 22.5, 4.03, 4.06, 4.02
6, 8069, 5,     3.64, 5,   coast,  -26.27,  89686.00, 1017.31,  999.48,  190.06, 22.5, 4.06, 4.06, 4.03
6, 8069, 5,     3.65, 5,   coast,  -26.22,  89651.00, 1020.53, 1002.70,  189.79, 22.5, 4.06, 4.06, 4.02
6, 8069, 5,     3.66, 5,   coast,  -26.16,  89616.00, 1023.75, 1005.92,  189.53, 22.5, 4.05, 4.05, 4.02
6, 8069, 5,     3.67, 5,   coast,  -26.11,  89602.00, 1025.03, 1007.20,  189.27, 22.5, 4.05, 4.06, 4.02
6, 8069, 5,     3.68, 5,   coast,  -26.06,  89578.00, 1027.24, 1009.41,  189.01, 22.5, 4.05, 4.05, 4.02
6, 8069, 5,     3.69, 5,   coast,  -26.01,  89557.00, 1029.17, 1011.34,  188.75, 22.5, 4.05, 4.06, 4.02
6, 8069, 5,     3.70, 5,   coast,  -25.95,  89539.00, 1030.83, 1013.00,  188.49, 22.5, 4.05, 4.06, 4.02
6, 8069, 5,     3.71, 5,   coast,  -25.90,  89517.00, 1032.85, 1015.02,  188.23, 22.5, 4.05, 4.06, 4.02
6, 8069, 5,     3.72, 5,   coast,  -25.85,  89498.00, 1034.60, 1016.77,  187.97, 22.5, 4.05, 4.06, 4.02
6, 8069, 5,     3.73, 5,   coast,  -25.80,  89468.00, 1037.36, 1019.53,  187.71, 22.5, 4.05, 4.05, 4.02
6, 8069, 5,     3.74, 5,   coast,  -25.75,  89448.00, 1039.20, 1021.38,  187.46, 22.5, 4.03, 4.08, 4.02
6, 8069, 5,     3.75, 5,   coast,  -25.70,  89448.00, 1039.20, 1021.38,  187.20, 22.5, 4.05, 4.06, 4.03
6, 8069, 5,     3.76, 5,   coast,  -25.65,  89433.00, 1040.59, 1022.76,  186.95, 22.5, 4.05, 4.06, 4.02
6, 8069, 5,     3.77, 5,   coast,  -25.60,  89398.00, 1043.81, 1025.98,  186.69, 22.5, 4.05, 4.06, 4.02
6, 8069, 5,     3.78, 5,   coast,  -25.55,  89374.00, 1046.02, 1028.19,  186.44, 22.5, 4.03, 4.08, 4.03
6, 8069, 5,     3.79, 5,   coast,  -25.50,  89358.00, 1047.50, 1029.67,  186.19, 22.5, 4.05, 4.05, 4.02
6, 8069, 5,     3.80, 5,   coast,  -25.46,  89336.00, 1049.52, 1031.69,  185.93, 22.5, 4.06, 4.06, 4.03
6, 8069, 5,     3.81, 5,   coast,  -25.41,  89314.00, 1051.55, 1033.72,  185.68, 22.5, 4.06, 4.08, 4.05
6, 8069, 5,     3.82, 5,   coast,  -25.36,  89297.00, 1053.12, 1035.29,  185.43, 22.5, 4.05, 4.06, 4.03
6, 8069, 5,     3.83, 5,   coast,  -25.31,  89273.00, 1055.33, 1037.50,  185.17, 22.5, 4.06, 4.06, 4.03
6, 8069, 5,     3.84, 5,   coast,  -25.27,  89259.00, 1056.62, 1038.79,  184.92, 22.5, 4.06, 4.08, 4.03
6, 8069, 5,     3.85, 5,   coast,  -25.22,  89234.00, 1058.93, 1041.10,  184.67, 22.5, 4.02, 4.06, 4.02
6, 8069, 5,     3.86, 5,   coast,  -25.18,  89234.00, 1058.93, 1041.10,  184.41, 22.5, 4.06, 4.06, 4.03
6, 8069, 5,     3.87, 5,   coast,  -25.13,  89209.00, 1061.24, 1043.41,  184.16, 22.5, 4.03, 4.05, 4.02
6, 8069, 5,     3.88, 5,   coast,  -25.09,  89178.00, 1064.10, 1046.27,  183.91, 22.5, 4.06, 4.06, 4.03
6, 8069, 5,     3.89, 5,   coast,  -25.04,  89154.00, 1066.31, 1048.48,  183.66, 22.5, 4.06, 4.06, 4.03
6, 8069, 5,     3.90, 5,   coast,  -25.00,  89135.00, 1068.07, 1050.24,  183.41, 22.5, 4.05, 4.06, 4.02
6, 8069, 5,     3.91, 5,   coast,  -24.95,  89116.00, 1069.82, 1051.99,  183.16, 22.5, 4.06, 4.06, 4.03
6, 8069, 5,     3.92, 5,   coast,  -24.91,  89100.00, 1071.30, 1053.47,  182.91, 22.5, 4.06, 4.06, 4.03
6, 8069, 5,     3.93, 5,   coast,  -24.86,  89077.00, 1073.43, 1055.60,  182.66, 22.5, 4.06, 4.06, 4.03
6, 8069, 5,     3.94, 5,   coast,  -24.82,  89062.00, 1074.81, 1056.98,  182.41, 22.5, 4.06, 4.06, 4.03
6, 8069, 5,     3.95, 5,   coast,  -24.78,  89042.00, 1076.66, 1058.83,  182.16, 22.5, 4.06, 4.06, 4.03
6, 8069, 5,     3.96, 5,   coast,  -24.73,  89020.00, 1078.69, 1060.86,  181.92, 22.5, 4.02, 4.05, 4.00
6, 8069, 5,     3.97, 5,   coast,  -24.69,  89020.00, 1078.69, 1060.86,  181.67, 22.5, 4.06, 4.06, 4.03
6, 8069, 5,     3.98, 5,   coast,  -24.65,  88999.00, 1080.64, 1062.81,  181.43, 22.5, 4.05, 4.05, 4.02
6, 8069, 5,     3.99, 5,   coast,  -24.61,  88968.00, 1083.50, 1065.67,  181.18, 22.5, 4.06, 4.08, 4.03
6, 8069, 5,     4.00, 5,   coast,  -24.56,  88941.00, 1086.00, 1068.17,  180.93, 22.5, 4.06, 4.08, 4.03
6, 8069, 5,     4.01, 5,   coast,  -24.52,  88922.00, 1087.76, 1069.93,  180.69, 22.5, 4.06, 4.06, 4.03
6, 8069, 5,     4.02, 5,   coast,  -24.48,  88902.00, 1089.61, 1071.78,  180.44, 22.5, 4.06, 4.06, 4.03
6, 8069, 5,     4.03, 5,   coast,  -24.44,  88879.00, 1091.74, 1073.91,  180.20, 22.5, 4.06, 4.06, 4.02
6, 8069, 5,     4.04, 5,   coast,  -24.40,  88864.00, 1093.12, 1075.30,  179.95, 22.5, 4.06, 4.08, 4.03
6, 8069, 5,     4.05, 5,   coast,  -24.35,  88844.00, 1094.98, 1077.15,  179.71, 22.5, 4.06, 4.06, 4.03
6, 8069, 5,     4.06, 5,   coast,  -24.31,  88837.00, 1095.62, 1077.80,  179.46, 22.5, 4.06, 4.06, 4.03
6, 8069, 5,     4.07, 5,   coast,  -24.27,  88809.00, 1098.22, 1080.39,  179.22, 22.5, 4.03, 4.06, 4.02
6, 8069, 5,     4.08, 5,   coast,  -24.23,  88809.00, 1098.22, 1080.39,  178.98, 22.5, 4.06, 4.06, 4.03
6, 8069, 5,     4.09, 5,   coast,  -24.19,  88780.00, 1100.90, 1083.08,  178.74, 22.5, 4.05, 4.05, 4.02
6, 8069, 5,     4.10, 5,   coast,  -24.15,  88743.00, 1104.33, 1086.50,  178.49, 22.5, 4.06, 4.06, 4.03
6, 8069, 5,     4.11, 5,   coast,  -24.11,  88728.00, 1105.72, 1087.89,  178.25, 22.5, 4.06, 4.08, 4.03
6, 8069, 5,     4.12, 5,   coast,  -24.07,  88705.00, 1107.85, 1090.03,  178.01, 22.5, 4.06, 4.06, 4.03
6, 8069, 5,     4.13, 5,   coast,  -24.03,  88692.00, 1109.06, 1091.23,  177.77, 22.5, 4.06, 4.06, 4.03
6, 8069, 5,     4.14, 5,   coast,  -23.99,  88675.00, 1110.64, 1092.81,  177.53, 22.5, 4.06, 4.08, 4.03
6, 8069, 5,     4.15, 5,   coast,  -23.95,  88648.00, 1113.14, 1095.31,  177.29, 22.5, 4.06, 4.06, 4.03
6, 8069, 5,     4.16, 5,   coast,  -23.91,  88635.00, 1114.35, 1096.52,  177.05, 22.5, 4.06, 4.06, 4.03
6, 8069, 5,     4.17, 5,   coast,  -23.87,  88611.00, 1116.57, 1098.74,  176.81, 22.5, 4.06, 4.06, 4.03
6, 8069, 5,     4.18, 5,   coast,  -23.83,  88597.00, 1117.87, 1100.04,  176.58, 22.5, 4.02, 4.08, 4.02
6, 8069, 5,     4.19, 5,   coast,  -23.79,  88597.00, 1117.87, 1100.04,  176.34, 22.5, 4.06, 4.06, 4.03
6, 8069, 5,     4.20, 5,   coast,  -23.75,  88571.00, 1120.29, 1102.46,  176.10, 22.5, 4.05, 4.05, 4.02
6, 8069, 5,     4.21, 5,   coast,  -23.71,  88546.00, 1122.61, 1104.78,  175.86, 22.5, 4.06, 4.06, 4.03
6, 8069, 5,     4.22, 5,   coast,  -23.67,  88518.00, 1125.21, 1107.38,  175.62, 22.5, 4.06, 4.06, 4.03
6, 8069, 5,     4.23, 5,   coast,  -23.63,  88502.00, 1126.69, 1108.86,  175.39, 22.5, 4.06, 4.06, 4.02
6, 8069, 5,     4.24, 5,   coast,  -23.59,  88487.00, 1128.09, 1110.26,  175.15, 22.5, 4.06, 4.06, 4.03
6, 8069, 5,     4.25, 5,   coast,  -23.55,  88466.00, 1130.04, 1112.21,  174.92, 22.5, 4.06, 4.06, 4.03
6, 8069, 5,     4.26, 5,   coast,  -23.51,  88448.00, 1131.71, 1113.88,  174.68, 22.5, 4.06, 4.06, 4.03
6, 8069, 5,     4.27, 5,   coast,  -23.47,  88421.00, 1134.22, 1116.39,  174.45, 22.5, 4.06, 4.06, 4.02
6, 8069, 5,     4.28, 5,   coast,  -23.44,  88405.00, 1135.71, 1117.88,  174.21, 22.5, 4.06, 4.06, 4.03
6, 8069, 5,     4.29, 5,   coast,  -23.40,  88386.00, 1137.47, 1119.64,  173.98, 22.5, 4.03, 4.06, 4.02
6, 8069, 5,     4.30, 5,   coast,  -23.36,  88386.00, 1137.47, 1119.64,  173.75, 22.5, 4.06, 4.06, 4.02
6, 8069, 5,     4.31, 5,   coast,  -23.32,  88362.00, 1139.70, 1121.87,  173.51, 22.5, 4.05, 4.05, 4.02
6, 8069, 5,     4.32, 5,   coast,  -23.28,  88337.00, 1142.03, 1124.20,  173.28, 22.5, 4.06, 4.06, 4.03
6, 8069, 5,     4.33, 5,   coast,  -23.24,  88317.00, 1143.89, 1126.06,  173.05, 22.5, 4.06, 4.06, 4.03
6, 8069, 5,     4.34, 5,   coast,  -23.21,  88293.00, 1146.12, 1128.29,  172.81, 22.5, 4.06, 4.06, 4.03
6, 8069, 5,     4.35, 5,   coast,  -23.17,  88270.00, 1148.26, 1130.43,  172.58, 22.5, 4.06, 4.06, 4.03
6, 8069, 5,     4.36, 5,   coast,  -23.13,  88256.00, 1149.57, 1131.74,  172.35, 22.5, 4.06, 4.06, 4.03
6, 8069, 5,     4.37, 5,   coast,  -23.09,  88236.00, 1151.43, 1133.60,  172.12, 22.5, 4.06, 4.06, 4.02
6, 8069, 5,     4.38, 5,   coast,  -23.06,  88228.00, 1152.17, 1134.34,  171.89, 22.5, 4.06, 4.06, 4.03
6, 8069, 5,     4.39, 5,   coast,  -23.02,  88205.00, 1154.32, 1136.49,  171.66, 22.5, 4.06, 4.06, 4.03
6, 8069, 5,     4.40, 5,   coast,  -22.98,  88180.00, 1156.64, 1138.81,  171.43, 22.5, 4.02, 4.05, 4.02
6, 8069, 5,     4.41, 5,   coast,  -22.95,  88180.00, 1156.64, 1138.81,  171.20, 22.5, 4.06, 4.06, 4.03
6, 8069, 5,     4.42, 5,   coast,  -22.91,  88165.00, 1158.04, 1140.21,  170.97, 22.5, 4.05, 4.06, 4.02
6, 8069, 5,     4.43, 5,   coast,  -22.87,  88135.00, 1160.84, 1143.01,  170.74, 22.5, 4.06, 4.06, 4.03
6, 8069, 5,     4.44, 5,   coast,  -22.84,  88109.00, 1163.26, 1145.43,  170.51, 22.5, 4.06, 4.06, 4.03
6, 8069, 5,     4.45, 5,   coast,  -22.80,  88095.00, 1164.57, 1146.74,  170.28, 22.5, 4.06, 4.06, 4.03
6, 8069, 5,     4.46, 5,   coast,  -22.77,  88073.00, 1166.62, 1148.79,  170.06, 22.5, 4.06, 4.08, 4.03
6, 8069, 5,     4.47, 5,   coast,  -22.73,  88059.00, 1167.92, 1150.09,  169.83, 22.5, 4.06, 4.06, 4.03
6, 8069, 5,     4.48, 5,   coast,  -22.69,  88042.00, 1169.51, 1151.68,  169.60, 22.5, 4.06, 4.06, 4.02
6, 8069, 5,     4.49, 5,   coast,  -22.66,  88025.00, 1171.09, 1153.26,  169.37, 22.5, 4.06, 4.06, 4.03
6, 8069, 5,     4.50, 5,   coast,  -22.62,  88007.00, 1172.77, 1154.94,  169.15, 22.5, 4.06, 4.06, 4.02
6, 8069, 5,     4.51, 5,   coast,  -22.59,  87993.00, 1174.08, 1156.25,  168.92, 22.5, 4.03, 4.06, 4.02
6, 8069, 5,     4.52, 5,   coast,  -22.55,  87993.00, 1174.08, 1156.25,  168.70, 22.5, 4.06, 4.06, 4.03
6, 8069, 5,     4.53, 5,   coast,  -22.52,  87970.00, 1176.23, 1158.40,  168.47, 22.5, 4.05, 4.05, 4.02
6, 8069, 5,     4.54, 5,   coast,  -22.48,  87940.00, 1179.03, 1161.20,  168.25, 22.5, 4.06, 4.08, 4.03
6, 8069, 5,     4.55, 5,   coast,  -22.45,  87917.00, 1181.17, 1163.34,  168.02, 22.5, 4.06, 4.08, 4.03
6, 8069, 5,     4.56, 5,   coast,  -22.41,  87897.00, 1183.04, 1165.21,  167.80, 22.5, 4.06, 4.06, 4.03
6, 8069, 5,     4.57, 5,   coast,  -22.38,  87886.00, 1184.07, 1166.24,  167.57, 22.5, 4.06, 4.06, 4.03
6, 8069, 5,     4.58, 5,   coast,  -22.35,  87857.00, 1186.78, 1168.95,  167.35, 22.5, 4.06, 4.08, 4.02
6, 8069, 5,     4.59, 5,   coast,  -22.31,  87838.00, 1188.55, 1170.72,  167.13, 22.5, 4.06, 4.08, 4.02
6, 8069, 5,     4.60, 5,   coast,  -22.28,  87824.00, 1189.86, 1172.03,  166.91, 22.5, 4.06, 4.06, 4.03
6, 8069, 5,     4.61, 5,   coast,  -22.24,  87809.00, 1191.26, 1173.43,  166.68, 22.5, 4.05, 4.06, 4.03
6, 8069, 5,     4.62, 5,   coast,  -22.21,  87798.00, 1192.29, 1174.46,  166.46, 22.5, 4.02, 4.06, 4.02
6, 8069, 5,     4.63, 5,   coast,  -22.18,  87798.00, 1192.29, 1174.46,  166.24, 22.5, 4.05, 4.06, 4.03
6, 8069, 5,     4.64, 5,   coast,  -22.14,  87766.00, 1195.28, 1177.45,  166.02, 22.5, 4.05, 4.06, 4.02
6, 8069, 5,     4.65, 5,   coast,  -22.11,  87738.00, 1197.90, 1180.07,  165.79, 22.5, 4.06, 4.06, 4.03
6, 8069, 5,     4.66, 5,   coast,  -22.08,  87721.00, 1199.49, 1181.66,  165.57, 22.5, 4.06, 4.06, 4.03
6, 8069, 5,     4.67, 5,   coast,  -22.04,  87697.00, 1201.74, 1183.91,  165.35, 22.5, 4.06, 4.08, 4.03
6, 8069, 5,     4.68, 5,   coast,  -22.01,  87678.00, 1203.52, 1185.69,  165.13, 22.5, 4.06, 4.06, 4.02
6, 8069, 5,     4.69, 5,   coast,  -21.98,  87657.00, 1205.48, 1187.65,  164.91, 22.5, 4.06, 4.06, 4.03
6, 8069, 5,     4.70, 5,   coast,  -21.95,  87650.00, 1206.14, 1188.31,  164.69, 22.5, 4.06, 4.08, 4.03
6, 8069, 5,     4.71, 5,   coast,  -21.91,  87632.00, 1207.82, 1189.99,  164.48, 22.5, 4.06, 4.06, 4.03
6, 8069, 5,     4.72, 5,   coast,  -21.88,  87614.00, 1209.51, 1191.68,  164.26, 22.5, 4.06, 4.06, 4.03
6, 8069, 5,     4.73, 5,   coast,  -21.85,  87592.00, 1211.57, 1193.74,  164.04, 22.5, 4.02, 4.06, 4.02
6, 8069, 5,     4.74, 5,   coast,  -21.82,  87592.00, 1211.57, 1193.74,  163.82, 22.5, 4.06, 4.06, 4.03
6, 8069, 5,     4.75, 5,   coast,  -21.79,  87574.00, 1213.25, 1195.42,  163.60, 22.5, 4.05, 4.05, 4.02
6, 8069, 5,     4.76, 5,   coast,  -21.75,  87549.00, 1215.60, 1197.77,  163.38, 22.5, 4.06, 4.06, 4.03
6, 8069, 5,     4.77, 5,   coast,  -21.72,  87528.00, 1217.56, 1199.73,  163.17, 22.5, 4.06, 4.06, 4.03
6, 8069, 5,     4.78, 5,   coast,  -21.69,  87508.00, 1219.44, 1201.61,  162.95, 22.5, 4.06, 4.06, 4.03
6, 8069, 5,     4.79, 5,   coast,  -21.66,  87486.00, 1221.50, 1203.67,  162.73, 22.5, 4.06, 4.06, 4.03
6, 8069, 5,     4.80, 5,   coast,  -21.63,  87469.00, 1223.09, 1205.27,  162.52, 22.5, 4.06, 4.06, 4.03
6, 8069, 5,     4.81, 5,   coast,  -21.60,  87457.00, 1224.22, 1206.39,  162.30, 22.5, 4.06, 4.06, 4.03
6, 8069, 5,     4.82, 5,   coast,  -21.57,  87438.00, 1226.00, 1208.17,  162.09, 22.5, 4.06, 4.06, 4.03
6, 8069, 5,     4.83, 5,   coast,  -21.54,  87421.00, 1227.60, 1209.77,  161.87, 22.5, 4.06, 4.06, 4.03
6, 8069, 5,     4.84, 5,   coast,  -21.50,  87402.00, 1229.38, 1211.55,  161.65, 22.5, 4.02, 4.06, 4.02
6, 8069, 5,     4.85, 5,   coast,  -21.47,  87402.00, 1229.38, 1211.55,  161.44, 22.5, 4.06, 4.06, 4.03
6, 8069, 5,     4.86, 5,   coast,  -21.44,  87380.00, 1231.44, 1213.61,  161.22, 22.5, 4.03, 4.05, 4.02
6, 8069, 5,     4.87, 5,   coast,  -21.41,  87356.00, 1233.70, 1215.87,  161.01, 22.5, 4.06, 4.06, 4.03
6, 8069, 5,     4.88, 5,   coast,  -21.38,  87336.00, 1235.57, 1217.74,  160.79, 22.5, 4.06, 4.06, 4.03
6, 8069, 5,     4.89, 5,   coast,  -21.35,  87316.00, 1237.45, 1219.62,  160.58, 22.5, 4.06, 4.06, 4.02
6, 8069, 5,     4.90, 5,   coast,  -21.32,  87301.00, 1238.86, 1221.03,  160.37, 22.5, 4.06, 4.06, 4.03
6, 8069, 5,     4.91, 5,   coast,  -21.29,  87289.00, 1239.99, 1222.16,  160.16, 22.5, 4.06, 4.06, 4.03
6, 8069, 5,     4.92, 5,   coast,  -21.26,  87264.00, 1242.34, 1224.51,  159.94, 22.5, 4.06, 4.06, 4.03
6, 8069, 5,     4.93, 5,   coast,  -21.23,  87251.00, 1243.56, 1225.73,  159.73, 22.5, 4.06, 4.06, 4.03
6, 8069, 5,     4.94, 5,   coast,  -21.20,  87233.00, 1245.25, 1227.42,  159.52, 22.5, 4.06, 4.06, 4.03
6, 8069, 5,     4.95, 5,   coast,  -21.17,  87214.00, 1247.03, 1229.20,  159.31, 22.5, 4.02, 4.08, 4.02
6, 8069, 5,     4.96, 5,   coast,  -21.14,  87214.00, 1247.03, 1229.20,  159.10, 22.5, 4.06, 4.06, 4.03
6, 8069, 5,     4.97, 5,   coast,  -21.11,  87197.00, 1248.63, 1230.80,  158.88, 22.5, 4.05, 4.05, 4.02
6, 8069, 5,     4.98, 5,   coast,  -21.08,  87167.00, 1251.45, 1233.62,  158.67, 22.5, 4.06, 4.08, 4.03
6, 8069, 5,     4.99, 5,   coast,  -21.05,  87153.00, 1252.77, 1234.94,  158.46, 22.5, 4.06, 4.06, 4.03
6, 8069, 5,     5.00, 5,   coast,  -21.02,  87138.00, 1254.18, 1236.35,  158.25, 22.5, 4.06, 4.06, 4.03
6, 8069, 5,     5.01, 5,   coast,  -20.99,  87116.00, 1256.25, 1238.42,  158.04, 22.5, 4.06, 4.08, 4.02
6, 8069, 5,     5.02, 5,   coast,  -20.96,  87101.00, 1257.66, 1239.83,  157.83, 22.5, 4.06, 4.06, 4.03
6, 8069, 5,     5.03, 5,   coast,  -20.93,  87082.00, 1259.45, 1241.62,  157.62, 22.5, 4.06, 4.08, 4.03
6, 8069, 5,     5.04, 5,   coast,  -20.90,  87069.00, 1260.67, 1242.84,  157.41, 22.5, 4.06, 4.06, 4.03
6, 8069, 5,     5.05, 5,   coast,  -20.87,  87047.00, 1262.74, 1244.91,  157.20, 22.5, 4.06, 4.06, 4.03
6, 8069, 5,     5.06, 5,   coast,  -20.84,  87035.00, 1263.87, 1246.04,  156.99, 22.5, 4.02, 4.06, 4.02
6, 8069, 5,     5.07, 5,   coast,  -20.82,  87035.00, 1263.87, 1246.04,  156.79, 22.5, 4.06, 4.06, 4.03
6, 8069, 5,     5.08, 5,   coast,  -20.79,  87018.00, 1265.47, 1247.64,  156.58, 22.5, 4.03, 4.05, 4.02
6, 8069, 5,     5.09, 5,   coast,  -20.76,  86984.00, 1268.67, 1250.85,  156.37, 22.5, 4.06, 4.08, 4.03
6, 8069, 5,     5.10, 5,   coast,  -20.73,  86972.00, 1269.81, 1251.98,  156.16, 22.5, 4.06, 4.06, 4.03
6, 8069, 5,     5.11, 5,   coast,  -20.70,  86955.00, 1271.41, 1253.58,  155.96, 22.5, 4.06, 4.06, 4.03
6, 8069, 5,     5.12, 5,   coast,  -20.67,  86933.00, 1273.48, 1255.65,  155.75, 22.5, 4.06, 4.06, 4.03
6, 8069, 5,     5.13, 5,   coast,  -20.64,  86917.00, 1274.99, 1257.16,  155.54, 22.5, 4.06, 4.06, 4.03
6, 8069, 5,     5.14, 5,   coast,  -20.61,  86896.00, 1276.97, 1259.14,  155.34, 22.5, 4.06, 4.06, 4.03
6, 8069, 5,     5.15, 5,   coast,  -20.58,  86887.00, 1277.82, 1259.99,  155.13, 22.5, 4.06, 4.06, 4.03
6, 8069, 5,     5.16, 5,   coast,  -20.55,  86874.00, 1279.04, 1261.21,  154.92, 22.5, 4.06, 4.06, 4.03
6, 8069, 5,     5.17, 5,   coast,  -20.52,  86848.00, 1281.49, 1263.66,  154.72, 22.5, 4.02, 4.06, 4.02
6, 8069, 5,     5.18, 5,   coast,  -20.49,  86848.00, 1281.49, 1263.66,  154.51, 22.5, 4.06, 4.06, 4.03
6, 8069, 5,     5.19, 5,   coast,  -20.46,  86841.00, 1282.15, 1264.32,  154.31, 22.5, 4.05, 4.05, 4.02
6, 8069, 5,     5.20, 5,   coast,  -20.43,  86808.00, 1285.27, 1267.44,  154.10, 22.5, 4.06, 4.08, 4.03
6, 8069, 5,     5.21, 5,   coast,  -20.41,  86793.00, 1286.68, 1268.85,  153.90, 22.5, 4.06, 4.06, 4.03
6, 8069, 5,     5.22, 5,   coast,  -20.38,  86768.00, 1289.04, 1271.21,  153.69, 22.5, 4.06, 4.06, 4.03
6, 8069, 5,     5.23, 5,   coast,  -20.35,  86759.00, 1289.89, 1272.06,  153.49, 22.5, 4.05, 4.06, 4.03
6, 8069, 5,     5.24, 5,   coast,  -20.32,  86736.00, 1292.06, 1274.23,  153.29, 22.5, 4.06, 4.06, 4.03
6, 8069, 5,     5.25, 5,   coast,  -20.29,  86717.00, 1293.86, 1276.03,  153.08, 22.5, 4.06, 4.06, 4.03
6, 8069, 5,     5.26, 5,   coast,  -20.26,  86713.00, 1294.23, 1276.40,  152.88, 22.5, 4.06, 4.06, 4.03
6, 8069, 5,     5.27, 5,   coast,  -20.23,  86692.00, 1296.22, 1278.39,  152.68, 22.5, 4.06, 4.06, 4.03
6, 8069, 5,     5.28, 5,   coast,  -20.20,  86682.00, 1297.16, 1279.33,  152.48, 22.5, 4.02, 4.06, 4.02
6, 8069, 5,     5.29, 5,   coast,  -20.17,  86682.00, 1297.16, 1279.33,  152.27, 22.5, 4.06, 4.06, 4.03
6, 8069, 5,     5.30, 5,   coast,  -20.15,  86651.00, 1300.09, 1282.26,  152.07, 22.5, 4.03, 4.05, 4.02
6, 8069, 5,     5.31, 5,   coast,  -20.12,  86629.00, 1302.17, 1284.34,  151.87, 22.5, 4.06, 4.06, 4.03
6, 8069, 5,     5.32, 5,   coast,  -20.09,  86612.00, 1303.77, 1285.95,  151.67, 22.5, 4.06, 4.06, 4.03
6, 8069, 5,     5.33, 5,   coast,  -20.06,  86599.00, 1305.00, 1287.17,  151.47, 22.5, 4.06, 4.06, 4.03
6, 8069, 5,     5.34, 5,   coast,  -20.03,  86578.00, 1306.99, 1289.16,  151.27, 22.5, 4.06, 4.06, 4.03
6, 8069, 5,     5.35, 5,   coast,  -20.00,  86559.00, 1308.79, 1290.96,  151.07, 22.5, 4.06, 4.08, 4.03
6, 8069, 5,     5.36, 5,   coast,  -19.97,  86550.00, 1309.64, 1291.81,  150.87, 22.5, 4.06, 4.08, 4.03
6, 8069, 5,     5.37, 5,   coast,  -19.95,  86531.00, 1311.43, 1293.60,  150.67, 22.5, 4.06, 4.06, 4.03
6, 8069, 5,     5.38, 5,   coast,  -19.92,  86516.00, 1312.85, 1295.02,  150.47, 22.5, 4.06, 4.06, 4.03
6, 8069, 5,     5.39, 5,   coast,  -19.89,  86500.00, 1314.37, 1296.54,  150.27, 22.5, 4.02, 4.06, 4.02
6, 8069, 5,     5.40, 5,   coast,  -19.86,  86500.00, 1314.37, 1296.54,  150.07, 22.5, 4.05, 4.06, 4.03
6, 8069, 5,     5.41, 5,   coast,  -19.83,  86475.00, 1316.73, 1298.90,  149.87, 22.5, 4.05, 4.05, 4.02
6, 8069, 5,     5.42, 5,   coast,  -19.80,  86453.00, 1318.81, 1300.99,  149.67, 22.5, 4.06, 4.06, 4.03
6, 8069, 5,     5.43, 5,   coast,  -19.78,  86436.00, 1320.42, 1302.59,  149.48, 22.5, 4.06, 4.06, 4.03
6, 8069, 5,     5.44, 5,   coast,  -19.75,  86421.00, 1321.84, 1304.01,  149.28, 22.5, 4.06, 4.06, 4.03
6, 8069, 5,     5.45, 5,   coast,  -19.72,  86404.00, 1323.45, 1305.62,  149.08, 22.5, 4.06, 4.06, 4.03
6, 8069, 5,     5.46, 5,   coast,  -19.69,  86386.00, 1325.16, 1307.33,  148.89, 22.5, 4.06, 4.08, 4.03
6, 8069, 5,     5.47, 5,   coast,  -19.66,  86368.00, 1326.86, 1309.03,  148.69, 22.5, 4.06, 4.06, 4.03
6, 8069, 5,     5.48, 5,   coast,  -19.64,  86362.00, 1327.43, 1309.60,  148.49, 22.5, 4.06, 4.06, 4.03
6, 8069, 5,     5.49, 5,   coast,  -19.61,  86338.00, 1329.71, 1311.88,  148.30, 22.5, 4.06, 4.06, 4.03
6, 8069, 5,     5.50, 5,   coast,  -19.58,  86328.00, 1330.65, 1312.82,  148.10, 22.5, 4.02, 4.06, 4.02
6, 8069, 5,     5.51, 5,   coast,  -19.56,  86328.00, 1330.65, 1312.82,  147.91, 22.5, 4.06, 4.06, 4.03
6, 8069, 5,     5.52, 5,   coast,  -19.53,  86308.00, 1332.55, 1314.72,  147.71, 22.5, 4.05, 4.05, 4.02
6, 8069, 5,     5.53, 5,   coast,  -19.50,  86278.00, 1335.39, 1317.56,  147.51, 22.5, 4.06, 4.08, 4.03
6, 8069, 5,     5.54, 5,   coast,  -19.47,  86265.00, 1336.63, 1318.80,  147.32, 22.5, 4.06, 4.06, 4.03
6, 8069, 5,     5.55, 5,   coast,  -19.45,  86247.00, 1338.33, 1320.50,  147.12, 22.5, 4.06, 4.06, 4.03
6, 8069, 5,     5.56, 5,   coast,  -19.42,  86236.00, 1339.38, 1321.55,  146.93, 22.5, 4.06, 4.06, 4.03
6, 8069, 5,     5.57, 5,   coast,  -19.39,  86225.00, 1340.42, 1322.59,  146.74, 22.5, 4.06, 4.08, 4.03
6, 8069, 5,     5.58, 5,   coast,  -19.37,  86200.00, 1342.79, 1324.96,  146.54, 22.5, 4.06, 4.06, 4.03
6, 8069, 5,     5.59, 5,   coast,  -19.34,  86191.00, 1343.65, 1325.82,  146.35, 22.5, 4.06, 4.06, 4.03
6, 8069, 5,     5.60, 5,   coast,  -19.31,  86168.00, 1345.83, 1328.00,  146.16, 22.5, 4.06, 4.06, 4.03
6, 8069, 5,     5.61, 5,   coast,  -19.28,  86156.00, 1346.97, 1329.14,  145.96, 22.5, 4.02, 4.08, 4.03
6, 8069, 5,     5.62, 5,   coast,  -19.26,  86156.00, 1346.97, 1329.14,  145.77, 22.5, 4.06, 4.06, 4.03
6, 8069, 5,     5.63, 5,   coast,  -19.23,  86131.00, 1349.34, 1331.51,  145.58, 22.5, 4.05, 4.05, 4.02
6, 8069, 5,     5.64, 5,   coast,  -19.21,  86114.00, 1350.96, 1333.13,  145.39, 22.5, 4.06, 4.06, 4.03
6, 8069, 5,     5.65, 5,   coast,  -19.18,  86098.00, 1352.47, 1334.65,  145.19, 22.5, 4.06, 4.06, 4.03
6, 8069, 5,     5.66, 5,   coast,  -19.15,  86076.00, 1354.56, 1336.74,  145.00, 22.5, 4.06, 4.06, 4.03
6, 8069, 5,     5.67, 5,   coast,  -19.13,  86069.00, 1355.23, 1337.40,  144.81, 22.5, 4.06, 4.08, 4.03
6, 8069, 5,     5.68, 5,   coast,  -19.10,  86052.00, 1356.84, 1339.02,  144.62, 22.5, 4.06, 4.06, 4.03
6, 8069, 5,     5.69, 5,   coast,  -19.07,  86036.00, 1358.36, 1340.54,  144.43, 22.5, 4.06, 4.06, 4.03
6, 8069, 5,     5.70, 5,   coast,  -19.05,  86019.00, 1359.98, 1342.15,  144.24, 22.5, 4.06, 4.06, 4.03
6, 8069, 5,     5.71, 5,   coast,  -19.02,  86010.00, 1360.84, 1343.01,  144.05, 22.5, 4.06, 4.06, 4.02
6, 8069, 5,     5.72, 5,   coast,  -18.99,  85990.00, 1362.74, 1344.91,  143.86, 22.5, 4.02, 4.06, 4.02
6, 8069, 5,     5.73, 5,   coast,  -18.97,  85990.00, 1362.74, 1344.91,  143.67, 22.5, 4.06, 4.06, 4.03
6, 8069, 5,     5.74, 5,   coast,  -18.94,  85971.00, 1364.54, 1346.71,  143.48, 22.5, 4.03, 4.05, 4.02
6, 8069, 5,     5.75, 5,   coast,  -18.92,  85945.00, 1367.02, 1349.19,  143.29, 22.5, 4.06, 4.06, 4.03
6, 8069, 5,     5.76, 5,   coast,  -18.89,  85927.00, 1368.73, 1350.90,  143.10, 22.5, 4.06, 4.06, 4.03
6, 8069, 5,     5.77, 5,   coast,  -18.86,  85917.00, 1369.68, 1351.85,  142.91, 22.5, 4.06, 4.06, 4.03
6, 8069, 5,     5.78, 5,   coast,  -18.84,  85902.00, 1371.11, 1353.28,  142.72, 22.5, 4.06, 4.06, 4.03
6, 8069, 5,     5.79, 5,   coast,  -18.81,  85886.00, 1372.63, 1354.80,  142.53, 22.5, 4.06, 4.06, 4.03
6, 8069, 5,     5.80, 5,   coast,  -18.78,  85869.00, 1374.25, 1356.42,  142.35, 22.5, 4.06, 4.06, 4.03
6, 8069, 5,     5.81, 5,   coast,  -18.76,  85856.00, 1375.48, 1357.66,  142.16, 22.5, 4.06, 4.06, 4.03
6, 8069, 5,     5.82, 5,   coast,  -18.73,  85844.00, 1376.63, 1358.80,  141.97, 22.5, 4.06, 4.06, 4.03
6, 8069, 5,     5.83, 5,   coast,  -18.71,  85828.00, 1378.15, 1360.32,  141.78, 22.5, 4.02, 4.08, 4.02
6, 8069, 5,     5.84, 5,   coast,  -18.68,  85828.00, 1378.15, 1360.32,  141.59, 22.5, 4.06, 4.08, 4.03
6, 8069, 5,     5.85, 5,   coast,  -18.65,  85809.00, 1379.96, 1362.13,  141.41, 22.5, 4.05, 4.05, 4.02
6, 8069, 5,     5.86, 5,   coast,  -18.63,  85777.00, 1383.01, 1365.18,  141.22, 22.5, 4.05, 4.06, 4.02
6, 8069, 5,     5.87, 5,   coast,  -18.60,  85772.00, 1383.48, 1365.66,  141.03, 22.5, 4.06, 4.06, 4.03
6, 8069, 5,     5.88, 5,   coast,  -18.58,  85751.00, 1385.48, 1367.66,  140.85, 22.5, 4.06, 4.06, 4.03
6, 8069, 5,     5.89, 5,   coast,  -18.55,  85732.00, 1387.30, 1369.47,  140.66, 22.5, 4.06, 4.06, 4.03
6, 8069, 5,     5.90, 5,   coast,  -18.52,  85720.00, 1388.44, 1370.61,  140.48, 22.5, 4.06, 4.06, 4.03
6, 8069, 5,     5.91, 5,   coast,  -18.50,  85702.00, 1390.16, 1372.33,  140.29, 22.5, 4.06, 4.06, 4.03
6, 8069, 5,     5.92, 5,   coast,  -18.47,  85697.00, 1390.63, 1372.80,  140.11, 22.5, 4.06, 4.06, 4.02
6, 8069, 5,     5.93, 5,   coast,  -18.44,  85679.00, 1392.35, 1374.52,  139.92, 22.5, 4.06, 4.08, 4.03
6, 8069, 5,     5.94, 5,   coast,  -18.42,  85660.00, 1394.16, 1376.33,  139.74, 22.5, 4.02, 4.06, 4.02
6, 8069, 5,     5.95, 5,   coast,  -18.39,  85660.00, 1394.16, 1376.33,  139.55, 22.5, 4.06, 4.06, 4.03
6, 8069, 5,     5.96, 5,   coast,  -18.37,  85647.00, 1395.40, 1377.57,  139.37, 22.5, 4.05, 4.05, 4.02
6, 8069, 5,     5.97, 5,   coast,  -18.34,  85621.00, 1397.88, 1380.05,  139.19, 22.5, 4.06, 4.06, 4.02
6, 8069, 5,     5.98, 5,   coast,  -18.31,  85608.00, 1399.12, 1381.29,  139.00, 22.5, 4.06, 4.08, 4.02
6, 8069, 5,     5.99, 5,   coast,  -18.29,  85589.00, 1400.93, 1383.10,  138.82, 22.5, 4.06, 4.06, 4.03
6, 8069, 5,     6.00, 5,   coast,  -18.26,  85576.00, 1402.17, 1384.34,  138.64, 22.5, 4.06, 4.08, 4.03
6, 8069, 5,     6.01, 5,   coast,  -18.24,  85560.00, 1403.70, 1385.87,  138.45, 22.5, 4.06, 4.08, 4.03
6, 8069, 5,     6.02, 5,   coast,  -18.21,  85553.00, 1404.37, 1386.54,  138.27, 22.5, 4.06, 4.08, 4.03
6, 8069, 5,     6.03, 5,   coast,  -18.18,  85534.00, 1406.18, 1388.35,  138.09, 22.5, 4.06, 4.06, 4.02
6, 8069, 5,     6.04, 5,   coast,  -18.16,  85520.00, 1407.52, 1389.69,  137.91, 22.5, 4.06, 4.08, 4.03
6, 8069, 5,     6.05, 5,   coast,  -18.13,  85505.00, 1408.95, 1391.12,  137.73, 22.5, 4.02, 4.06, 4.02
6, 8069, 5,     6.06, 5,   coast,  -18.10,  85505.00, 1408.95, 1391.12,  137.54, 22.5, 4.06, 4.06, 4.03
6, 8069, 5,     6.07, 5,   coast,  -18.08,  85485.00, 1410.86, 1393.03,  137.36, 22.5, 4.05, 4.06, 4.02
6, 8069, 5,     6.08, 5,   coast,  -18.05,  85464.00, 1412.87, 1395.04,  137.18, 22.5, 4.06, 4.06, 4.03
6, 8069, 5,     6.09, 5,   coast,  -18.03,  85446.00, 1414.59, 1396.76,  137.00, 22.5, 4.06, 4.06, 4.03
6, 8069, 5,     6.10, 5,   coast,  -18.00,  85438.00, 1415.35, 1397.52,  136.82, 22.5, 4.06, 4.06, 4.03
6, 8069, 5,     6.11, 5,   coast,  -17.98,  85419.00, 1417.17, 1399.34,  136.64, 22.5, 4.06, 4.08, 4.03
6, 8069, 5,     6.12, 5,   coast,  -17.95,  85406.00, 1418.41, 1400.58,  136.46, 22.5, 4.06, 4.06, 4.03
6, 8069, 5,     6.13, 5,   coast,  -17.92,  85392.00, 1419.75, 1401.92,  136.28, 22.5, 4.06, 4.06, 4.03
6, 8069, 5,     6.14, 5,   coast,  -17.90,  85376.00, 1421.28, 1403.45,  136.11, 22.5, 4.06, 4.06, 4.03
6, 8069, 5,     6.15, 5,   coast,  -17.87,  85360.00, 1422.81, 1404.98,  135.93, 22.5, 4.06, 4.06, 4.03
6, 8069, 5,     6.16, 5,   coast,  -17.85,  85346.00, 1424.15, 1406.32,  135.75, 22.5, 4.02, 4.05, 4.02
6, 8069, 5,     6.17, 5,   coast,  -17.82,  85346.00, 1424.15, 1406.32,  135.57, 22.5, 4.06, 4.06, 4.03
6, 8069, 5,     6.18, 5,   coast,  -17.80,  85327.00, 1425.97, 1408.14,  135.39, 22.5, 4.05, 4.05, 4.02
6, 8069, 5,     6.19, 5,   coast,  -17.77,  85302.00, 1428.36, 1410.53,  135.21, 22.5, 4.06, 4.06, 4.03
6, 8069, 5,     6.20, 5,   coast,  -17.75,  85293.00, 1429.22, 1411.39,  135.03, 22.5, 4.06, 4.06, 4.03
6, 8069, 5,     6.21, 5,   coast,  -17.72,  85276.00, 1430.85, 1413.02,  134.86, 22.5, 4.06, 4.06, 4.03
6, 8069, 5,     6.22, 5,   coast,  -17.70,  85267.00, 1431.71, 1413.88,  134.68, 22.5, 4.06, 4.06, 4.03
6, 8069, 5,     6.23, 5,   coast,  -17.67,  85245.00, 1433.82, 1415.99,  134.50, 22.5, 4.06, 4.06, 4.02
6, 8069, 5,     6.24, 5,   coast,  -17.64,  85226.00, 1435.63, 1417.81,  134.33, 22.5, 4.06, 4.06, 4.03
6, 8069, 5,     6.25, 5,   coast,  -17.62,  85224.00, 1435.83, 1418.00,  134.15, 22.5, 4.06, 4.06, 4.03
6, 8069, 5,     6.26, 5,   coast,  -17.60,  85208.00, 1437.36, 1419.53,  133.97, 22.5, 4.06, 4.06, 4.03
6, 8069, 5,     6.27, 5,   coast,  -17.57,  85193.00, 1438.80, 1420.97,  133.80, 22.5, 4.02, 4.06, 4.02
6, 8069, 5,     6.28, 5,   coast,  -17.55,  85193.00, 1438.80, 1420.97,  133.62, 22.5, 4.06, 4.06, 4.03
6, 8069, 5,     6.29, 5,   coast,  -17.52,  85173.00, 1440.71, 1422.88,  133.45, 22.5, 4.05, 4.05, 4.02
6, 8069, 5,     6.30, 5,   coast,  -17.50,  85151.00, 1442.82, 1424.99,  133.27, 22.5, 4.06, 4.06, 4.03
6, 8069, 5,     6.31, 5,   coast,  -17.47,  85137.00, 1444.16, 1426.33,  133.10, 22.5, 4.06, 4.06, 4.03
6, 8069, 5,     6.32, 5,   coast,  -17.45,  85126.00, 1445.22, 1427.39,  132.92, 22.5, 4.06, 4.06, 4.03
6, 8069, 5,     6.33, 5,   coast,  -17.42,  85115.00, 1446.27, 1428.44,  132.75, 22.5, 4.06, 4.06, 4.03
6, 8069, 5,     6.34, 5,   coast,  -17.40,  85096.00, 1448.09, 1430.26,  132.58, 22.5, 4.06, 4.08, 4.03
6, 8069, 5,     6.35, 5,   coast,  -17.38,  85087.00, 1448.95, 1431.13,  132.40, 22.5, 4.06, 4.06, 4.03
6, 8069, 5,     6.36, 5,   coast,  -17.35,  85068.00, 1450.78, 1432.95,  132.23, 22.5, 4.06, 4.06, 4.02
6, 8069, 5,     6.37, 5,   coast,  -17.33,  85055.00, 1452.02, 1434.19,  132.06, 22.5, 4.06, 4.08, 4.03
6, 8069, 5,     6.38, 5,   coast,  -17.30,  85037.00, 1453.75, 1435.92,  131.88, 22.5, 4.02, 4.06, 4.02
6, 8069, 5,     6.39, 5,   coast,  -17.28,  85037.00, 1453.75, 1435.92,  131.71, 22.5, 4.06, 4.06, 4.03
6, 8069, 5,     6.40, 5,   coast,  -17.26,  85021.00, 1455.28, 1437.46,  131.54, 22.5, 4.05, 4.05, 4.02
6, 8069, 5,     6.41, 5,   coast,  -17.23,  85006.00, 1456.72, 1438.90,  131.36, 22.5, 4.06, 4.06, 4.03
6, 8069, 5,     6.42, 5,   coast,  -17.21,  84986.00, 1458.64, 1440.81,  131.19, 22.5, 4.06, 4.06, 4.03
6, 8069, 5,     6.43, 5,   coast,  -17.18,  84971.00, 1460.08, 1442.25,  131.02, 22.5, 4.06, 4.06, 4.03
6, 8069, 5,     6.44, 5,   coast,  -17.16,  84955.00, 1461.62, 1443.79,  130.85, 22.5, 4.06, 4.08, 4.03
6, 8069, 5,     6.45, 5,   coast,  -17.14,  84950.00, 1462.10, 1444.27,  130.68, 22.5, 4.06, 4.06, 4.03
6, 8069, 5,     6.46, 5,   coast,  -17.11,  84932.00, 1463.83, 1446.00,  130.51, 22.5, 4.06, 4.06, 4.03
6, 8069, 5,     6.47, 5,   coast,  -17.09,  84921.00, 1464.88, 1447.06,  130.34, 22.5, 4.06, 4.06, 4.03
6, 8069, 5,     6.48, 5,   coast,  -17.07,  84906.00, 1466.33, 1448.50,  130.16, 22.5, 4.06, 4.06, 4.03
6, 8069, 5,     6.49, 5,   coast,  -17.05,  84892.00, 1467.67, 1449.84,  129.99, 22.5, 4.02, 4.08, 4.02
6, 8069, 5,     6.50, 5,   coast,  -17.02,  84892.00, 1467.67, 1449.84,  129.82, 22.5, 4.06, 4.06, 4.03
6, 8069, 5,     6.51, 5,   coast,  -17.00,  84878.00, 1469.01, 1451.19,  129.65, 22.5, 4.05, 4.05, 4.02
6, 8069, 5,     6.52, 5,   coast,  -16.98,  84853.00, 1471.42, 1453.59,  129.48, 22.5, 4.06, 4.06, 4.03
6, 8069, 5,     6.53, 5,   coast,  -16.95,  84839.00, 1472.76, 1454.93,  129.31, 22.5, 4.06, 4.06, 4.03
6, 8069, 5,     6.54, 5,   coast,  -16.93,  84825.00, 1474.11, 1456.28,  129.14, 22.5, 4.06, 4.06, 4.03
6, 8069, 5,     6.55, 5,   coast,  -16.91,  84811.00, 1475.45, 1457.63,  128.97, 22.5, 4.06, 4.06, 4.03
6, 8069, 5,     6.56, 5,   coast,  -16.89,  84798.00, 1476.70, 1458.88,  128.80, 22.5, 4.06, 4.06, 4.03
6, 8069, 5,     6.57, 5,   coast,  -16.86,  84788.00, 1477.67, 1459.84,  128.64, 22.5, 4.06, 4.06, 4.03
6, 8069, 5,     6.58, 5,   coast,  -16.84,  84772.00, 1479.20, 1461.38,  128.47, 22.5, 4.06, 4.08, 4.03
6, 8069, 5,     6.59, 5,   coast,  -16.82,  84750.00, 1481.32, 1463.49,  128.30, 22.5, 4.06, 4.08, 4.03
6, 8069, 5,     6.60, 5,   coast,  -16.80,  84748.00, 1481.51, 1463.68,  128.13, 22.5, 4.02, 4.05, 4.02
6, 8069, 5,     6.61, 5,   coast,  -16.78,  84748.00, 1481.51, 1463.68,  127.96, 22.5, 4.06, 4.06, 4.03
6, 8069, 5,     6.62, 5,   coast,  -16.75,  84723.00, 1483.92, 1466.09,  127.80, 22.5, 4.03, 4.05, 4.02
6, 8069, 5,     6.63, 5,   coast,  -16.73,  84715.00, 1484.69, 1466.86,  127.63, 22.5, 4.06, 4.08, 4.03
6, 8069, 5,     6.64, 5,   coast,  -16.71,  84689.00, 1487.19, 1469.36,  127.46, 22.5, 4.06, 4.06, 4.03
6, 8069, 5,     6.65, 5,   coast,  -16.69,  84675.00, 1488.54, 1470.71,  127.29, 22.5, 4.05, 4.06, 4.03
6, 8069, 5,     6.66, 5,   coast,  -16.67,  84662.00, 1489.79, 1471.96,  127.13, 22.5, 4.06, 4.06, 4.03
6, 8069, 5,     6.67, 5,   coast,  -16.64,  84652.00, 1490.75, 1472.92,  126.96, 22.5, 4.06, 4.06, 4.02
6, 8069, 5,     6.68, 5,   coast,  -16.62,  84645.00, 1491.43, 1473.60,  126.79, 22.5, 4.06, 4.06, 4.03
6, 8069, 5,     6.69, 5,   coast,  -16.60,  84638.00, 1492.10, 1474.27,  126.63, 22.5, 4.06, 4.06, 4.03
6, 8069, 5,     6.70, 5,   coast,  -16.58,  84616.00, 1494.22, 1476.39,  126.46, 22.5, 4.05, 4.06, 4.03
6, 8069, 5,     6.71, 5,   coast,  -16.56,  84598.00, 1495.95, 1478.12,  126.30, 22.5, 4.02, 4.06, 4.02
6, 8069, 5,     6.72, 5,   coast,  -16.54,  84598.00, 1495.95, 1478.12,  126.13, 22.5, 4.06, 4.06, 4.03
6, 8069, 5,     6.73, 5,   coast,  -16.52,  84586.00, 1497.11, 1479.28,  125.97, 22.5, 4.05, 4.05, 4.02
6, 8069, 5,     6.74, 5,   coast,  -16.50,  84560.00, 1499.61, 1481.79,  125.80, 22.4, 4.06, 4.06, 4.03
6, 8069, 5,     6.75, 5,   coast,  -16.48,  84544.00, 1501.16, 1483.33,  125.64, 22.5, 4.06, 4.06, 4.03
6, 8069, 5,     6.76, 5,   coast,  -16.46,  84535.00, 1502.02, 1484.20,  125.47, 22.5, 4.06, 4.06, 4.03
6, 8069, 5,     6.77, 5,   coast,  -16.44,  84521.00, 1503.37, 1485.54,  125.31, 22.5, 4.05, 4.06, 4.03
6, 8069, 5,     6.78, 5,   coast,  -16.41,  84510.00, 1504.43, 1486.61,  125.14, 22.5, 4.06, 4.06, 4.03
6, 8069, 5,     6.79, 5,   coast,  -16.39,  84500.00, 1505.40, 1487.57,  124.98, 22.5, 4.06, 4.06, 4.03
6, 8069, 5,     6.80, 5,   coast,  -16.37,  84493.00, 1506.07, 1488.24,  124.82, 22.5, 4.06, 4.08, 4.03
6, 8069, 5,     6.81, 5,   coast,  -16.35,  84479.00, 1507.42, 1489.59,  124.65, 22.5, 4.06, 4.08, 4.03
6, 8069, 5,     6.82, 5,   coast,  -16.33,  84463.00, 1508.97, 1491.14,  124.49, 22.5, 4.02, 4.06, 4.02
6, 8069, 5,     6.83, 5,   coast,  -16.31,  84463.00, 1508.97, 1491.14,  124.33, 22.5, 4.06, 4.06, 4.03
6, 8069, 5,     6.84, 5,   coast,  -16.30,  84449.00, 1510.32, 1492.49,  124.16, 22.5, 4.03, 4.05, 4.02
6, 8069, 5,     6.85, 5,   coast,  -16.28,  84418.00, 1513.31, 1495.48,  124.00, 22.5, 4.06, 4.08, 4.02
6, 8069, 5,     6.86, 5,   coast,  -16.26,  84405.00, 1514.56, 1496.73,  123.84, 22.5, 4.06, 4.06, 4.03
6, 8069, 5,     6.87, 5,   coast,  -16.24,  84391.00, 1515.91, 1498.09,  123.68, 22.5, 4.06, 4.08, 4.03
6, 8069, 5,     6.88, 5,   coast,  -16.22,  84376.00, 1517.36, 1499.53,  123.51, 22.5, 4.06, 4.06, 4.03
6, 8069, 5,     6.89, 5,   coast,  -16.20,  84377.00, 1517.27, 1499.44,  123.35, 22.5, 4.06, 4.08, 4.03
6, 8069, 5,     6.90, 5,   coast,  -16.18,  84361.00, 1518.81, 1500.98,  123.19, 22.5, 4.06, 4.06, 4.03
6, 8069, 5,     6.91, 5,   coast,  -16.16,  84344.00, 1520.45, 1502.62,  123.03, 22.5, 4.06, 4.06, 4.03
6, 8069, 5,     6.92, 5,   coast,  -16.14,  84338.00, 1521.03, 1503.20,  122.87, 22.5, 4.06, 4.08, 4.02
6, 8069, 5,     6.93, 5,   coast,  -16.12,  84324.00, 1522.38, 1504.55,  122.71, 22.5, 4.03, 4.06, 4.03
6, 8069, 5,     6.94, 5,   coast,  -16.11,  84324.00, 1522.38, 1504.55,  122.54, 22.5, 4.06, 4.06, 4.03
6, 8069, 5,     6.95, 5,   coast,  -16.09,  84301.00, 1524.61, 1506.78,  122.38, 22.5, 4.05, 4.05, 4.02
6, 8069, 5,     6.96, 5,   coast,  -16.07,  84283.00, 1526.35, 1508.52,  122.22, 22.4, 4.06, 4.06, 4.03
6, 8069, 5,     6.97, 5,   coast,  -16.05,  84272.00, 1527.41, 1509.58,  122.06, 22.5, 4.06, 4.06, 4.03
6, 8069, 5,     6.98, 5,   coast,  -16.03,  84261.00, 1528.47, 1510.64,  121.90, 22.5, 4.06, 4.06, 4.03
6, 8069, 5,     6.99, 5,   coast,  -16.02,  84243.00, 1530.21, 1512.38,  121.74, 22.5, 4.06, 4.08, 4.03
6, 8069, 5,     7.00, 5,   coast,  -16.00,  84233.00, 1531.18, 1513.35,  121.58, 22.5, 4.06, 4.06, 4.03
6, 8069, 5,     7.01, 5,   coast,  -15.98,  84219.00, 1532.53, 1514.70,  121.42, 22.5, 4.06, 4.06, 4.02
6, 8069, 5,     7.02, 5,   coast,  -15.96,  84207.00, 1533.69, 1515.86,  121.26, 22.5, 4.06, 4.06, 4.03
6, 8069, 5,     7.03, 5,   coast,  -15.95,  84184.00, 1535.92, 1518.09,  121.10, 22.5, 4.06, 4.06, 4.03
6, 8069, 5,     7.04, 5,   coast,  -15.93,  84173.00, 1536.98, 1519.15,  120.94, 22.5, 4.03, 4.06, 4.02
6, 8069, 5,     7.05, 5,   coast,  -15.91,  84173.00, 1536.98, 1519.15,  120.79, 22.5, 4.06, 4.06, 4.03
6, 8069, 5,     7.06, 5,   coast,  -15.89,  84167.00, 1537.56, 1519.73,  120.63, 22.5, 4.05, 4.05, 4.02
6, 8069, 5,     7.07, 5,   coast,  -15.88,  84145.00, 1539.69, 1521.86,  120.47, 22.5, 4.06, 4.06, 4.03
6, 8069, 5,     7.08, 5,   coast,  -15.86,  84132.00, 1540.95, 1523.12,  120.31, 22.5, 4.06, 4.06, 4.03
6, 8069, 5,     7.09, 5,   coast,  -15.84,  84123.00, 1541.82, 1523.99,  120.15, 22.5, 4.06, 4.06, 4.03
6, 8069, 5,     7.10, 5,   coast,  -15.83,  84106.00, 1543.46, 1525.63,  119.99, 22.5, 4.06, 4.06, 4.03
6, 8069, 5,     7.11, 5,   coast,  -15.81,  84090.00, 1545.01, 1527.18,  119.83, 22.5, 4.06, 4.06, 4.03
6, 8069, 5,     7.12, 5,   coast,  -15.79,  84071.00, 1546.85, 1529.02,  119.68, 22.5, 4.06, 4.06, 4.03
6, 8069, 5,     7.13, 5,   coast,  -15.78,  84065.00, 1547.43, 1529.60,  119.52, 22.5, 4.06, 4.06, 4.03
6, 8069, 5,     7.14, 5,   coast,  -15.76,  84061.00, 1547.82, 1529.99,  119.36, 22.5, 4.06, 4.06, 4.03
6, 8069, 5,     7.15, 5,   coast,  -15.74,  84050.00, 1548.88, 1531.06,  119.20, 22.5, 4.02, 4.06, 4.02
6, 8069, 5,     7.16, 5,   coast,  -15.73,  84050.00, 1548.88, 1531.06,  119.05, 22.5, 4.06, 4.06, 4.02
6, 8069, 5,     7.17, 5,   coast,  -15.71,  84029.00, 1550.92, 1533.09,  118.89, 22.5, 4.05, 4.05, 4.02
6, 8069, 5,     7.18, 5,   coast,  -15.70,  84013.00, 1552.47, 1534.64,  118.73, 22.5, 4.06, 4.06, 4.03
6, 8069, 5,     7.19, 5,   coast,  -15.68,  83995.00, 1554.21, 1536.38,  118.57, 22.5, 4.06, 4.08, 4.03
6, 8069, 5,     7.20, 5,   coast,  -15.67,  83984.00, 1555.28, 1537.45,  118.42, 22.5, 4.06, 4.06, 4.03
6, 8069, 5,     7.21, 5,   coast,  -15.65,  83969.00, 1556.73, 1538.90,  118.26, 22.5, 4.06, 4.08, 4.03
6, 8069, 5,     7.22, 5,   coast,  -15.63,  83958.00, 1557.80, 1539.97,  118.11, 22.5, 4.06, 4.06, 4.03
6, 8069, 5,     7.23, 5,   coast,  -15.62,  83953.00, 1558.28, 1540.45,  117.95, 22.5, 4.06, 4.06, 4.03
6, 8069, 5,     7.24, 5,   coast,  -15.60,  83934.00, 1560.12, 1542.30,  117.79, 22.5, 4.06, 4.06, 4.02
6, 8069, 5,     7.25, 5,   coast,  -15.59,  83917.00, 1561.77, 1543.94,  117.64, 22.5, 4.06, 4.06, 4.03
6, 8069, 5,     7.26, 5,   coast,  -15.57,  83904.00, 1563.03, 1545.20,  117.48, 22.5, 4.02, 4.06, 4.02
6, 8069, 5,     7.27, 5,   coast,  -15.56,  83904.00, 1563.03, 1545.20,  117.33, 22.5, 4.06, 4.06, 4.03
6, 8069, 5,     7.28, 5,   coast,  -15.54,  83896.00, 1563.81, 1545.98,  117.17, 22.5, 4.05, 4.05, 4.02
6, 8069, 5,     7.29, 5,   coast,  -15.53,  83876.00, 1565.75, 1547.92,  117.01, 22.5, 4.06, 4.06, 4.03
6, 8069, 5,     7.30, 5,   coast,  -15.51,  83858.00, 1567.50, 1549.67,  116.86, 22.5, 4.06, 4.06, 4.03
6, 8069, 5,     7.31, 5,   coast,  -15.50,  83847.00, 1568.56, 1550.73,  116.70, 22.5, 4.06, 4.06, 4.03
6, 8069, 5,     7.32, 5,   coast,  -15.49,  83838.00, 1569.44, 1551.61,  116.55, 22.5, 4.06, 4.06, 4.03
6, 8069, 5,     7.33, 5,   coast,  -15.47,  83825.00, 1570.70, 1552.87,  116.39, 22.5, 4.05, 4.06, 4.03
6, 8069, 5,     7.34, 5,   coast,  -15.46,  83814.00, 1571.77, 1553.94,  116.24, 22.5, 4.06, 4.08, 4.03
6, 8069, 5,     7.35, 5,   coast,  -15.44,  83792.00, 1573.90, 1556.07,  116.09, 22.5, 4.06, 4.06, 4.03
6, 8069, 5,     7.36, 5,   coast,  -15.43,  83791.00, 1574.00, 1556.17,  115.93, 22.5, 4.06, 4.06, 4.03
6, 8069, 5,     7.37, 5,   coast,  -15.41,  83784.00, 1574.68, 1556.85,  115.78, 22.5, 4.02, 4.06, 4.02
6, 8069, 5,     7.38, 5,   coast,  -15.40,  83784.00, 1574.68, 1556.85,  115.62, 22.5, 4.06, 4.06, 4.03
6, 8069, 5,     7.39, 5,   coast,  -15.39,  83764.00, 1576.62, 1558.79,  115.47, 22.5, 4.03, 4.05, 4.02
6, 8069, 5,     7.40, 5,   coast,  -15.37,  83748.00, 1578.17, 1560.35,  115.32, 22.5, 4.06, 4.06, 4.03
6, 8069, 5,     7.41, 5,   coast,  -15.36,  83735.00, 1579.44, 1561.61,  115.16, 22.5, 4.06, 4.08, 4.03
6, 8069, 5,     7.42, 5,   coast,  -15.35,  83715.00, 1581.38, 1563.55,  115.01, 22.5, 4.06, 4.06, 4.03
6, 8069, 5,     7.43, 5,   coast,  -15.33,  83703.00, 1582.55, 1564.72,  114.86, 22.5, 4.06, 4.06, 4.03
6, 8069, 5,     7.44, 5,   coast,  -15.32,  83694.00, 1583.42, 1565.59,  114.70, 22.5, 4.06, 4.06, 4.03
6, 8069, 5,     7.45, 5,   coast,  -15.31,  83679.00, 1584.88, 1567.05,  114.55, 22.5, 4.06, 4.06, 4.03
6, 8069, 5,     7.46, 5,   coast,  -15.29,  83666.00, 1586.14, 1568.31,  114.40, 22.5, 4.06, 4.06, 4.03
6, 8069, 5,     7.47, 5,   coast,  -15.28,  83659.00, 1586.82, 1568.99,  114.24, 22.5, 4.06, 4.06, 4.03
6, 8069, 5,     7.48, 5,   coast,  -15.27,  83645.00, 1588.18, 1570.35,  114.09, 22.5, 4.02, 4.05, 4.02
6, 8069, 5,     7.49, 5,   coast,  -15.26,  83645.00, 1588.18, 1570.35,  113.94, 22.5, 4.06, 4.06, 4.03
6, 8069, 5,     7.50, 5,   coast,  -15.24,  83633.00, 1589.35, 1571.52,  113.79, 22.5, 4.05, 4.05, 4.00
6, 8069, 5,     7.51, 5,   coast,  -15.23,  83611.00, 1591.49, 1573.66,  113.63, 22.5, 4.06, 4.06, 4.03
6, 8069, 5,     7.52, 5,   coast,  -15.22,  83602.00, 1592.37, 1574.54,  113.48, 22.5, 4.06, 4.06, 4.02
6, 8069, 5,     7.53, 5,   coast,  -15.21,  83589.00, 1593.63, 1575.80,  113.33, 22.5, 4.06, 4.08, 4.03
6, 8069, 5,     7.54, 5,   coast,  -15.19,  83573.00, 1595.19, 1577.36,  113.18, 22.5, 4.06, 4.06, 4.02
6, 8069, 5,     7.55, 5,   coast,  -15.18,  83574.00, 1595.09, 1577.26,  113.03, 22.5, 4.06, 4.06, 4.03
6, 8069, 5,     7.56, 5,   coast,  -15.17,  83558.00, 1596.65, 1578.82,  112.88, 22.5, 4.06, 4.08, 4.03
6, 8069, 5,     7.57, 5,   coast,  -15.16,  83548.00, 1597.62, 1579.79,  112.72, 22.5, 4.06, 4.06, 4.03
6, 8069, 5,     7.58, 5,   coast,  -15.15,  83537.00, 1598.69, 1580.86,  112.57, 22.5, 4.06, 4.06, 4.03
6, 8069, 5,     7.59, 5,   coast,  -15.13,  83517.00, 1600.64, 1582.81,  112.42, 22.5, 4.02, 4.06, 4.03
6, 8069, 5,     7.60, 5,   coast,  -15.12,  83517.00, 1600.64, 1582.81,  112.27, 22.5, 4.06, 4.06, 4.03
6, 8069, 5,     7.61, 5,   coast,  -15.11,  83501.00, 1602.19, 1584.36,  112.12, 22.5, 4.05, 4.05, 4.02
6, 8069, 5,     7.62, 5,   coast,  -15.10,  83487.00, 1603.56, 1585.73,  111.97, 22.5, 4.06, 4.06, 4.03
6, 8069, 5,     7.63, 5,   coast,  -15.09,  83478.00, 1604.43, 1586.60,  111.82, 22.5, 4.06, 4.06, 4.03
6, 8069, 5,     7.64, 5,   coast,  -15.08,  83455.00, 1606.67, 1588.84,  111.67, 22.5, 4.06, 4.06, 4.03
6, 8069, 5,     7.65, 5,   coast,  -15.07,  83455.00, 1606.67, 1588.84,  111.52, 22.5, 4.06, 4.06, 4.03
6, 8069, 5,     7.66, 5,   coast,  -15.05,  83443.00, 1607.84, 1590.01,  111.36, 22.5, 4.05, 4.06, 4.03
6, 8069, 5,     7.67, 5,   coast,  -15.04,  83426.00, 1609.50, 1591.67,  111.21, 22.5, 4.05, 4.08, 4.03
6, 8069, 5,     7.68, 5,   coast,  -15.03,  83419.00, 1610.18, 1592.35,  111.06, 22.5, 4.06, 4.06, 4.03
6, 8069, 5,     7.69, 5,   coast,  -15.02,  83402.00, 1611.84, 1594.01,  110.91, 22.5, 4.06, 4.06, 4.03
6, 8069, 5,     7.70, 5,   coast,  -15.01,  83396.00, 1612.42, 1594.59,  110.76, 22.5, 4.02, 4.06, 4.02
6, 8069, 5,     7.71, 5,   coast,  -15.00,  83396.00, 1612.42, 1594.59,  110.61, 22.5, 4.06, 4.06, 4.03
6, 8069, 5,     7.72, 5,   coast,  -14.99,  83385.00, 1613.49, 1595.66,  110.46, 22.5, 4.05, 4.06, 4.02
6, 8069, 5,     7.73, 5,   coast,  -14.98,  83367.00, 1615.25, 1597.42,  110.31, 22.5, 4.06, 4.08, 4.03
6, 8069, 5,     7.74, 5,   coast,  -14.97,  83349.00, 1617.00, 1599.17,  110.16, 22.5, 4.06, 4.06, 4.03
6, 8069, 5,     7.75, 5,   coast,  -14.96,  83339.00, 1617.98, 1600.15,  110.01, 22.5, 4.06, 4.06, 4.03
6, 8069, 5,     7.76, 5,   coast,  -14.95,  83329.00, 1618.95, 1601.12,  109.86, 22.5, 4.06, 4.06, 4.03
6, 8069, 5,     7.77, 5,   coast,  -14.93,  83322.00, 1619.64, 1601.81,  109.72, 22.5, 4.06, 4.06, 4.03
6, 8069, 5,     7.78, 5,   coast,  -14.92,  83300.00, 1621.78, 1603.95,  109.57, 22.5, 4.06, 4.06, 4.03
6, 8069, 5,     7.79, 5,   coast,  -14.91,  83301.00, 1621.68, 1603.86,  109.42, 22.5, 4.06, 4.06, 4.03
6, 8069, 5,     7.80, 5,   coast,  -14.90,  83279.00, 1623.83, 1606.00,  109.27, 22.5, 4.06, 4.06, 4.03
6, 8069, 5,     7.81, 5,   coast,  -14.89,  83273.00, 1624.42, 1606.59,  109.12, 22.5, 4.02, 4.06, 4.02
6, 8069, 5,     7.82, 5,   coast,  -14.88,  83273.00, 1624.42, 1606.59,  108.97, 22.5, 4.06, 4.06, 4.03
6, 8069, 5,     7.83, 5,   coast,  -14.87,  83260.00, 1625.68, 1607.86,  108.82, 22.5, 4.05, 4.06, 4.02
6, 8069, 5,     7.84, 5,   coast,  -14.86,  83241.00, 1627.54, 1609.71,  108.67, 22.5, 4.06, 4.06, 4.02
6, 8069, 5,     7.85, 5,   coast,  -14.85,  83230.00, 1628.61, 1610.78,  108.52, 22.5, 4.06, 4.06, 4.03
6, 8069, 5,     7.86, 5,   coast,  -14.84,  83216.00, 1629.98, 1612.15,  108.37, 22.5, 4.06, 4.06, 4.03
6, 8069, 5,     7.87, 5,   coast,  -14.83,  83201.00, 1631.44, 1613.62,  108.23, 22.5, 4.06, 4.06, 4.03
6, 8069, 5,     7.88, 5,   coast,  -14.82,  83197.00, 1631.83, 1614.01,  108.08, 22.5, 4.06, 4.08, 4.03
6, 8069, 5,     7.89, 5,   coast,  -14.81,  83184.00, 1633.10, 1615.28,  107.93, 22.5, 4.06, 4.08, 4.03
6, 8069, 5,     7.90, 5,   coast,  -14.80,  83171.00, 1634.37, 1616.54,  107.78, 22.5, 4.06, 4.06, 4.03
6, 8069, 5,     7.91, 5,   coast,  -14.79,  83160.00, 1635.45, 1617.62,  107.64, 22.5, 4.06, 4.06, 4.03
6, 8069, 5,     7.92, 5,   coast,  -14.78,  83153.00, 1636.13, 1618.30,  107.49, 22.5, 4.02, 4.06, 4.02
6, 8069, 5,     7.93, 5,   coast,  -14.77,  83153.00, 1636.13, 1618.30,  107.34, 22.5, 4.06, 4.06, 4.03
6, 8069, 5,     7.94, 5,   coast,  -14.76,  83131.00, 1638.28, 1620.45,  107.19, 22.5, 4.05, 4.05, 4.02
6, 8069, 5,     7.95, 5,   coast,  -14.75,  83113.00, 1640.04, 1622.21,  107.04, 22.5, 4.06, 4.06, 4.03
6, 8069, 5,     7.96, 5,   coast,  -14.74,  83109.00, 1640.43, 1622.60,  106.90, 22.5, 4.05, 4.06, 4.03
6, 8069, 5,     7.97, 5,   coast,  -14.73,  83094.00, 1641.90, 1624.07,  106.75, 22.5, 4.06, 4.06, 4.02
6, 8069, 5,     7.98, 5,   coast,  -14.72,  83083.00, 1642.97, 1625.14,  106.60, 22.5, 4.06, 4.06, 4.03
6, 8069, 5,     7.99, 5,   coast,  -14.71,  83069.00, 1644.34, 1626.51,  106.46, 22.5, 4.06, 4.08, 4.03
6, 8069, 5,     8.00, 5,   coast,  -14.70,  83061.00, 1645.12, 1627.29,  106.31, 22.5, 4.06, 4.06, 4.03
6, 8069, 5,     8.01, 5,   coast,  -14.69,  83053.00, 1645.91, 1628.08,  106.16, 22.5, 4.06, 4.06, 4.03
6, 8069, 5,     8.02, 5,   coast,  -14.68,  83043.00, 1646.88, 1629.05,  106.01, 22.5, 4.06, 4.06, 4.03
6, 8069, 5,     8.03, 5,   coast,  -14.68,  83022.00, 1648.94, 1631.11,  105.87, 22.5, 4.02, 4.06, 4.02
6, 8069, 5,     8.04, 5,   coast,  -14.67,  83022.00, 1648.94, 1631.11,  105.72, 22.5, 4.06, 4.06, 4.03
6, 8069, 5,     8.05, 5,   coast,  -14.66,  83014.00, 1649.72, 1631.89,  105.57, 22.5, 4.05, 4.06, 4.02
6, 8069, 5,     8.06, 5,   coast,  -14.65,  82995.00, 1651.58, 1633.75,  105.43, 22.4, 4.06, 4.06, 4.03
6, 8069, 5,     8.07, 5,   coast,  -14.64,  82979.00, 1653.14, 1635.32,  105.28, 22.5, 4.06, 4.06, 4.03
6, 8069, 5,     8.08, 5,   coast,  -14.63,  82977.00, 1653.34, 1635.51,  105.13, 22.5, 4.06, 4.06, 4.03
6, 8069, 5,     8.09, 5,   coast,  -14.62,  82959.00, 1655.10, 1637.27,  104.99, 22.5, 4.06, 4.06, 4.03
6, 8069, 5,     8.10, 5,   coast,  -14.61,  82952.00, 1655.79, 1637.96,  104.84, 22.5, 4.06, 4.08, 4.03
6, 8069, 5,     8.11, 5,   coast,  -14.60,  82946.00, 1656.37, 1638.55,  104.70, 22.5, 4.06, 4.06, 4.02
6, 8069, 5,     8.12, 5,   coast,  -14.59,  82934.00, 1657.55, 1639.72,  104.55, 22.5, 4.06, 4.06, 4.03
6, 8069, 5,     8.13, 5,   coast,  -14.58,  82924.00, 1658.53, 1640.70,  104.40, 22.5, 4.06, 4.06, 4.03
6, 8069, 5,     8.14, 5,   coast,  -14.57,  82914.00, 1659.51, 1641.68,  104.26, 22.5, 4.02, 4.05, 4.02
6, 8069, 5,     8.15, 5,   coast,  -14.56,  82914.00, 1659.51, 1641.68,  104.11, 22.5, 4.05, 4.06, 4.03
6, 8069, 5,     8.16, 5,   coast,  -14.55,  82900.00, 1660.88, 1643.05,  103.97, 22.5, 4.05, 4.05, 4.02
6, 8069, 5,     8.17, 5,   coast,  -14.54,  82877.00, 1663.13, 1645.30,  103.82, 22.4, 4.06, 4.06, 4.03
6, 8069, 5,     8.18, 5,   coast,  -14.53,  82868.00, 1664.01, 1646.18,  103.68, 22.5, 4.06, 4.06, 4.03
6, 8069, 5,     8.19, 5,   coast,  -14.52,  82861.00, 1664.70, 1646.87,  103.53, 22.5, 4.06, 4.06, 4.03
6, 8069, 5,     8.20, 5,   coast,  -14.51,  82843.00, 1666.46, 1648.63,  103.38, 22.5, 4.06, 4.06, 4.03
6, 8069, 5,     8.21, 5,   coast,  -14.51,  82836.00, 1667.15, 1649.32,  103.24, 22.5, 4.06, 4.06, 4.03
6, 8069, 5,     8.22, 5,   coast,  -14.50,  82826.00, 1668.13, 1650.30,  103.10, 22.5, 4.06, 4.06, 4.03
6, 8069, 5,     8.23, 5,   coast,  -14.49,  82811.00, 1669.60, 1651.77,  102.95, 22.5, 4.06, 4.06, 4.03
6, 8069, 5,     8.24, 5,   coast,  -14.48,  82800.00, 1670.68, 1652.85,  102.81, 22.5, 4.06, 4.06, 4.03
6, 8069, 5,     8.25, 5,   coast,  -14.47,  82794.00, 1671.26, 1653.44,  102.66, 22.5, 4.02, 4.06, 4.02
6, 8069, 5,     8.26, 5,   coast,  -14.46,  82794.00, 1671.26, 1653.44,  102.52, 22.5, 4.05, 4.06, 4.03
6, 8069, 5,     8.27, 5,   coast,  -14.45,  82781.00, 1672.54, 1654.71,  102.37, 22.5, 4.03, 4.05, 4.02
6, 8069, 5,     8.28, 5,   coast,  -14.44,  82762.00, 1674.40, 1656.57,  102.23, 22.4, 4.06, 4.06, 4.03
6, 8069, 5,     8.29, 5,   coast,  -14.43,  82755.00, 1675.09, 1657.26,  102.08, 22.4, 4.06, 4.06, 4.02
6, 8069, 5,     8.30, 5,   coast,  -14.42,  82743.00, 1676.27, 1658.44,  101.94, 22.5, 4.06, 4.06, 4.03
6, 8069, 5,     8.31, 5,   coast,  -14.41,  82734.00, 1677.15, 1659.32,  101.79, 22.5, 4.06, 4.08, 4.03
6, 8069, 5,     8.32, 5,   coast,  -14.40,  82719.00, 1678.62, 1660.79,  101.65, 22.5, 4.05, 4.08, 4.03
6, 8069, 5,     8.33, 5,   coast,  -14.39,  82709.00, 1679.60, 1661.77,  101.51, 22.5, 4.05, 4.06, 4.03
6, 8069, 5,     8.34, 5,   coast,  -14.38,  82703.00, 1680.19, 1662.36,  101.36, 22.5, 4.06, 4.06, 4.02
6, 8069, 5,     8.35, 5,   coast,  -14.37,  82692.00, 1681.27, 1663.44,  101.22, 22.5, 4.06, 4.06, 4.03
6, 8069, 5,     8.36, 5,   coast,  -14.36,  82683.00, 1682.15, 1664.32,  101.07, 22.5, 4.02, 4.06, 4.02
6, 8069, 5,     8.37, 5,   coast,  -14.35,  82683.00, 1682.15, 1664.32,  100.93, 22.5, 4.06, 4.06, 4.03
6, 8069, 5,     8.38, 5,   coast,  -14.34,  82669.00, 1683.53, 1665.70,  100.79, 22.5, 4.03, 4.05, 4.02
6, 8069, 5,     8.39, 5,   coast,  -14.33,  82648.00, 1685.59, 1667.76,  100.64, 22.4, 4.06, 4.08, 4.03
6, 8069, 5,     8.40, 5,   coast,  -14.32,  82636.00, 1686.77, 1668.94,  100.50, 22.4, 4.06, 4.06, 4.03
6, 8069, 5,     8.41, 5,   coast,  -14.32,  82629.00, 1687.45, 1669.62,  100.36, 22.5, 4.05, 4.06, 4.02
6, 8069, 5,     8.42, 5,   coast,  -14.31,  82620.00, 1688.34, 1670.51,  100.21, 22.5, 4.06, 4.06, 4.03
6, 8069, 5,     8.43, 5,   coast,  -14.30,  82608.00, 1689.52, 1671.69,  100.07, 22.5, 4.06, 4.06, 4.03
6, 8069, 5,     8.44, 5,   coast,  -14.29,  82601.00, 1690.20, 1672.37,   99.93, 22.5, 4.06, 4.06, 4.03
6, 8069, 5,     8.45, 5,   coast,  -14.28,  82588.00, 1691.48, 1673.65,   99.79, 22.5, 4.06, 4.06, 4.03
6, 8069, 5,     8.46, 5,   coast,  -14.27,  82575.00, 1692.76, 1674.93,   99.64, 22.5, 4.06, 4.06, 4.03
6, 8069, 5,     8.47, 5,   coast,  -14.26,  82571.00, 1693.15, 1675.32,   99.50, 22.5, 4.02, 4.06, 4.02
6, 8069, 5,     8.48, 5,   coast,  -14.25,  82571.00, 1693.15, 1675.32,   99.36, 22.5, 4.06, 4.06, 4.03
6, 8069, 5,     8.49, 5,   coast,  -14.24,  82559.00, 1694.33, 1676.50,   99.21, 22.5, 4.05, 4.06, 4.02
6, 8069, 5,     8.50, 5,   coast,  -14.23,  82535.00, 1696.69, 1678.86,   99.07, 22.4, 4.06, 4.06, 4.03
6, 8069, 5,     8.51, 5,   coast,  -14.22,  82534.00, 1696.79, 1678.96,   98.93, 22.4, 4.06, 4.06, 4.03
6, 8069, 5,     8.52, 5,   coast,  -14.21,  82518.00, 1698.36, 1680.53,   98.79, 22.5, 4.06, 4.06, 4.03
6, 8069, 5,     8.53, 5,   coast,  -14.20,  82511.00, 1699.05, 1681.22,   98.64, 22.5, 4.06, 4.08, 4.03
6, 8069, 5,     8.54, 5,   coast,  -14.19,  82494.00, 1700.72, 1682.89,   98.50, 22.5, 4.05, 4.06, 4.03
6, 8069, 5,     8.55, 5,   coast,  -14.18,  82492.00, 1700.91, 1683.09,   98.36, 22.5, 4.06, 4.06, 4.03
6, 8069, 5,     8.56, 5,   coast,  -14.17,  82469.00, 1703.18, 1685.35,   98.22, 22.5, 4.06, 4.08, 4.03
6, 8069, 5,     8.57, 5,   coast,  -14.16,  82466.00, 1703.47, 1685.64,   98.08, 22.5, 4.06, 4.06, 4.03
6, 8069, 5,     8.58, 5,   coast,  -14.15,  82462.00, 1703.86, 1686.04,   97.94, 22.5, 4.02, 4.05, 4.02
6, 8069, 5,     8.59, 5,   coast,  -14.14,  82462.00, 1703.86, 1686.04,   97.79, 22.5, 4.06, 4.06, 4.03
6, 8069, 5,     8.60, 5,   coast,  -14.13,  82448.00, 1705.24, 1687.41,   97.65, 22.5, 4.05, 4.05, 4.02
6, 8069, 5,     8.61, 5,   coast,  -14.12,  82436.00, 1706.42, 1688.59,   97.51, 22.4, 4.06, 4.08, 4.03
6, 8069, 5,     8.62, 5,   coast,  -14.11,  82425.00, 1707.50, 1689.68,   97.37, 22.4, 4.06, 4.06, 4.03
6, 8069, 5,     8.63, 5,   coast,  -14.10,  82410.00, 1708.98, 1691.15,   97.23, 22.5, 4.06, 4.06, 4.03
6, 8069, 5,     8.64, 5,   coast,  -14.09,  82400.00, 1709.96, 1692.14,   97.09, 22.5, 4.06, 4.06, 4.03
6, 8069, 5,     8.65, 5,   coast,  -14.07,  82390.00, 1710.95, 1693.12,   96.95, 22.5, 4.06, 4.06, 4.03
6, 8069, 5,     8.66, 5,   coast,  -14.06,  82382.00, 1711.74, 1693.91,   96.81, 22.5, 4.06, 4.06, 4.03
6, 8069, 5,     8.67, 5,   coast,  -14.05,  82369.00, 1713.02, 1695.19,   96.67, 22.5, 4.06, 4.06, 4.03
6, 8069, 5,     8.68, 5,   coast,  -14.04,  82356.00, 1714.30, 1696.47,   96.53, 22.5, 4.06, 4.06, 4.03
6, 8069, 5,     8.69, 5,   coast,  -14.03,  82351.00, 1714.79, 1696.96,   96.38, 22.5, 4.02, 4.06, 4.03
6, 8069, 5,     8.70, 5,   coast,  -14.02,  82351.00, 1714.79, 1696.96,   96.24, 22.5, 4.06, 4.06, 4.03
6, 8069, 5,     8.71, 5,   coast,  -14.01,  82338.00, 1716.07, 1698.24,   96.10, 22.5, 4.05, 4.05, 4.02
6, 8069, 5,     8.72, 5,   coast,  -14.00,  82317.00, 1718.14, 1700.31,   95.96, 22.4, 4.06, 4.06, 4.03
6, 8069, 5,     8.73, 5,   coast,  -13.99,  82311.00, 1718.73, 1700.90,   95.82, 22.4, 4.06, 4.06, 4.03
6, 8069, 5,     8.74, 5,   coast,  -13.98,  82299.00, 1719.91, 1702.08,   95.68, 22.4, 4.06, 4.08, 4.03
6, 8069, 5,     8.75, 5,   coast,  -13.97,  82295.00, 1720.30, 1702.47,   95.54, 22.5, 4.06, 4.06, 4.03
6, 8069, 5,     8.76, 5,   coast,  -13.96,  82285.00, 1721.29, 1703.46,   95.40, 22.5, 4.06, 4.06, 4.03
6, 8069, 5,     8.77, 5,   coast,  -13.95,  82276.00, 1722.17, 1704.35,   95.27, 22.5, 4.06, 4.06, 4.03
6, 8069, 5,     8.78, 5,   coast,  -13.94,  82264.00, 1723.36, 1705.53,   95.13, 22.5, 4.06, 4.06, 4.03
6, 8069, 5,     8.79, 5,   coast,  -13.93,  82257.00, 1724.05, 1706.22,   94.99, 22.5, 4.06, 4.08, 4.03
6, 8069, 5,     8.80, 5,   coast,  -13.92,  82239.00, 1725.82, 1707.99,   94.85, 22.5, 4.02, 4.06, 4.02
6, 8069, 5,     8.81, 5,   coast,  -13.91,  82239.00, 1725.82, 1707.99,   94.71, 22.5, 4.06, 4.06, 4.03
6, 8069, 5,     8.82, 5,   coast,  -13.89,  82233.00, 1726.41, 1708.58,   94.57, 22.5, 4.05, 4.05, 4.02
6, 8069, 5,     8.83, 5,   coast,  -13.88,  82216.00, 1728.09, 1710.26,   94.43, 22.4, 4.06, 4.06, 4.03
6, 8069, 5,     8.84, 5,   coast,  -13.87,  82202.00, 1729.47, 1711.64,   94.29, 22.4, 4.06, 4.08, 4.03
6, 8069, 5,     8.85, 5,   coast,  -13.86,  82195.00, 1730.16, 1712.33,   94.15, 22.4, 4.06, 4.06, 4.03
6, 8069, 5,     8.86, 5,   coast,  -13.85,  82191.00, 1730.55, 1712.72,   94.01, 22.5, 4.06, 4.06, 4.03
6, 8069, 5,     8.87, 5,   coast,  -13.84,  82180.00, 1731.64, 1713.81,   93.87, 22.5, 4.06, 4.06, 4.03
6, 8069, 5,     8.88, 5,   coast,  -13.83,  82172.00, 1732.43, 1714.60,   93.74, 22.5, 4.06, 4.06, 4.02
6, 8069, 5,     8.89, 5,   coast,  -13.82,  82162.00, 1733.41, 1715.58,   93.60, 22.5, 4.06, 4.06, 4.03
6, 8069, 5,     8.90, 5,   coast,  -13.81,  82148.00, 1734.79, 1716.97,   93.46, 22.5, 4.06, 4.08, 4.02
6, 8069, 5,     8.91, 5,   coast,  -13.80,  82137.00, 1735.88, 1718.05,   93.32, 22.5, 4.02, 4.08, 4.02
6, 8069, 5,     8.92, 5,   coast,  -13.79,  82137.00, 1735.88, 1718.05,   93.18, 22.5, 4.05, 4.06, 4.03
6, 8069, 5,     8.93, 5,   coast,  -13.77,  82126.00, 1736.97, 1719.14,   93.05, 22.5, 4.03, 4.05, 4.02
6, 8069, 5,     8.94, 5,   coast,  -13.76,  82113.00, 1738.25, 1720.42,   92.91, 22.4, 4.05, 4.08, 4.03
6, 8069, 5,     8.95, 5,   coast,  -13.75,  82104.00, 1739.14, 1721.31,   92.77, 22.4, 4.06, 4.06, 4.03
6, 8069, 5,     8.96, 5,   coast,  -13.74,  82085.00, 1741.01, 1723.18,   92.63, 22.4, 4.06, 4.06, 4.03
6, 8069, 5,     8.97, 5,   coast,  -13.73,  82085.00, 1741.01, 1723.18,   92.49, 22.4, 4.06, 4.08, 4.03
6, 8069, 5,     8.98, 5,   coast,  -13.72,  82074.00, 1742.10, 1724.27,   92.36, 22.5, 4.06, 4.06, 4.03
6, 8069, 5,     8.99, 5,   coast,  -13.71,  82064.00, 1743.09, 1725.26,   92.22, 22.5, 4.06, 4.06, 4.03
6, 8069, 5,     9.00, 5,   coast,  -13.70,  82059.00, 1743.58, 1725.75,   92.08, 22.5, 4.06, 4.06, 4.02
6, 8069, 5,     9.01, 5,   coast,  -13.69,  82049.00, 1744.57, 1726.74,   91.95, 22.5, 4.06, 4.08, 4.03
6, 8069, 5,     9.02, 5,   coast,  -13.67,  82030.00, 1746.44, 1728.61,   91.81, 22.5, 4.02, 4.06, 4.02
6, 8069, 5,     9.03, 5,   coast,  -13.66,  82030.00, 1746.44, 1728.61,   91.67, 22.5, 4.06, 4.06, 4.03
6, 8069, 5,     9.04, 5,   coast,  -13.65,  82026.00, 1746.84, 1729.01,   91.54, 22.5, 4.05, 4.06, 4.02
6, 8069, 5,     9.05, 5,   coast,  -13.64,  82007.00, 1748.72, 1730.89,   91.40, 22.4, 4.06, 4.06, 4.03
6, 8069, 5,     9.06, 5,   coast,  -13.63,  81995.00, 1749.90, 1732.07,   91.26, 22.4, 4.06, 4.06, 4.03
6, 8069, 5,     9.07, 5,   coast,  -13.62,  81994.00, 1750.00, 1732.17,   91.13, 22.4, 4.06, 4.08, 4.03
6, 8069, 5,     9.08, 5,   coast,  -13.61,  81978.00, 1751.58, 1733.75,   90.99, 22.5, 4.06, 4.06, 4.03
6, 8069, 5,     9.09, 5,   coast,  -13.60,  81971.00, 1752.27, 1734.44,   90.86, 22.5, 4.06, 4.06, 4.03
6, 8069, 5,     9.10, 5,   coast,  -13.59,  81965.00, 1752.87, 1735.04,   90.72, 22.5, 4.06, 4.06, 4.03
6, 8069, 5,     9.11, 5,   coast,  -13.57,  81951.00, 1754.25, 1736.42,   90.58, 22.5, 4.06, 4.06, 4.03
6, 8069, 5,     9.12, 5,   coast,  -13.56,  81941.00, 1755.24, 1737.41,   90.45, 22.5, 4.06, 4.06, 4.03
6, 8069, 5,     9.13, 5,   coast,  -13.55,  81938.00, 1755.53, 1737.71,   90.31, 22.5, 4.02, 4.06, 4.02
6, 8069, 5,     9.14, 5,   coast,  -13.54,  81938.00, 1755.53, 1737.71,   90.18, 22.5, 4.06, 4.06, 4.03
6, 8069, 5,     9.15, 5,   coast,  -13.53,  81917.00, 1757.61, 1739.78,   90.04, 22.5, 4.05, 4.05, 4.02
6, 8069, 5,     9.16, 5,   coast,  -13.52,  81906.00, 1758.70, 1740.87,   89.90, 22.4, 4.06, 4.06, 4.03
6, 8069, 5,     9.17, 5,   coast,  -13.51,  81901.00, 1759.19, 1741.36,   89.77, 22.4, 4.06, 4.08, 4.03
6, 8069, 5,     9.18, 5,   coast,  -13.50,  81890.00, 1760.28, 1742.45,   89.63, 22.4, 4.06, 4.06, 4.02
6, 8069, 5,     9.19, 5,   coast,  -13.48,  81883.00, 1760.97, 1743.14,   89.50, 22.5, 4.06, 4.06, 4.03
6, 8069, 5,     9.20, 5,   coast,  -13.47,  81875.00, 1761.76, 1743.94,   89.36, 22.5, 4.06, 4.08, 4.03
6, 8069, 5,     9.21, 5,   coast,  -13.46,  81865.00, 1762.75, 1744.92,   89.23, 22.5, 4.06, 4.06, 4.03
6, 8069, 5,     9.22, 5,   coast,  -13.45,  81849.00, 1764.34, 1746.51,   89.10, 22.5, 4.06, 4.06, 4.03
6, 8069, 5,     9.23, 5,   coast,  -13.44,  81846.00, 1764.63, 1746.80,   88.96, 22.5, 4.06, 4.06, 4.03
6, 8069, 5,     9.24, 5,   coast,  -13.43,  81837.00, 1765.52, 1747.70,   88.83, 22.5, 4.02, 4.05, 4.02
6, 8069, 5,     9.25, 5,   coast,  -13.42,  81837.00, 1765.52, 1747.70,   88.69, 22.5, 4.06, 4.06, 4.03
6, 8069, 5,     9.26, 5,   coast,  -13.41,  81825.00, 1766.71, 1748.88,   88.56, 22.5, 4.05, 4.05, 4.02
6, 8069, 5,     9.27, 5,   coast,  -13.40,  81810.00, 1768.20, 1750.37,   88.42, 22.4, 4.06, 4.06, 4.03
6, 8069, 5,     9.28, 5,   coast,  -13.38,  81801.00, 1769.09, 1751.26,   88.29, 22.4, 4.06, 4.06, 4.03
6, 8069, 5,     9.29, 5,   coast,  -13.37,  81788.00, 1770.37, 1752.55,   88.16, 22.4, 4.06, 4.06, 4.03
6, 8069, 5,     9.30, 5,   coast,  -13.36,  81785.00, 1770.67, 1752.84,   88.02, 22.5, 4.06, 4.06, 4.03
6, 8069, 5,     9.31, 5,   coast,  -13.35,  81770.00, 1772.16, 1754.33,   87.89, 22.5, 4.06, 4.06, 4.02
6, 8069, 5,     9.32, 5,   coast,  -13.34,  81766.00, 1772.55, 1754.72,   87.76, 22.5, 4.06, 4.06, 4.03
6, 8069, 5,     9.33, 5,   coast,  -13.33,  81755.00, 1773.64, 1755.81,   87.62, 22.5, 4.06, 4.06, 4.03
6, 8069, 5,     9.34, 5,   coast,  -13.32,  81745.00, 1774.63, 1756.80,   87.49, 22.5, 4.06, 4.06, 4.03
6, 8069, 5,     9.35, 5,   coast,  -13.31,  81737.00, 1775.43, 1757.60,   87.36, 22.5, 4.02, 4.06, 4.03
6, 8069, 5,     9.36, 5,   coast,  -13.30,  81737.00, 1775.43, 1757.60,   87.22, 22.5, 4.06, 4.08, 4.03
6, 8069, 5,     9.37, 5,   coast,  -13.29,  81729.00, 1776.22, 1758.39,   87.09, 22.5, 4.05, 4.05, 4.02
6, 8069, 5,     9.38, 5,   coast,  -13.28,  81715.00, 1777.60, 1759.78,   86.96, 22.4, 4.06, 4.08, 4.05
6, 8069, 5,     9.39, 5,   coast,  -13.27,  81705.00, 1778.60, 1760.77,   86.82, 22.4, 4.06, 4.08, 4.03
6, 8069, 5,     9.40, 5,   coast,  -13.25,  81693.00, 1779.78, 1761.96,   86.69, 22.4, 4.06, 4.06, 4.03
6, 8069, 5,     9.41, 5,   coast,  -13.24,  81687.00, 1780.38, 1762.55,   86.56, 22.4, 4.06, 4.06, 4.03
6, 8069, 5,     9.42, 5,   coast,  -13.23,  81676.00, 1781.47, 1763.64,   86.43, 22.5, 4.06, 4.06, 4.03
6, 8069, 5,     9.43, 5,   coast,  -13.22,  81673.00, 1781.77, 1763.94,   86.29, 22.5, 4.05, 4.06, 4.03
6, 8069, 5,     9.44, 5,   coast,  -13.21,  81661.00, 1782.96, 1765.13,   86.16, 22.5, 4.06, 4.06, 4.03
6, 8069, 5,     9.45, 5,   coast,  -13.20,  81649.00, 1784.15, 1766.32,   86.03, 22.5, 4.06, 4.06, 4.03
6, 8069, 5,     9.46, 5,   coast,  -13.19,  81644.00, 1784.64, 1766.81,   85.90, 22.5, 4.02, 4.05, 4.02
6, 8069, 5,     9.47, 5,   coast,  -13.18,  81644.00, 1784.64, 1766.81,   85.77, 22.5, 4.06, 4.06, 4.03
6, 8069, 5,     9.48, 5,   coast,  -13.17,  81629.00, 1786.13, 1768.30,   85.64, 22.5, 4.05, 4.05, 4.02
6, 8069, 5,     9.49, 5,   coast,  -13.16,  81615.00, 1787.52, 1769.69,   85.50, 22.4, 4.06, 4.06, 4.03
6, 8069, 5,     9.50, 5,   coast,  -13.15,  81603.00, 1788.71, 1770.88,   85.37, 22.4, 4.06, 4.06, 4.03
6, 8069, 5,     9.51, 5,   coast,  -13.14,  81601.00, 1788.91, 1771.08,   85.24, 22.4, 4.06, 4.06, 4.03
6, 8069, 5,     9.52, 5,   coast,  -13.13,  81590.00, 1790.00, 1772.17,   85.11, 22.4, 4.06, 4.06, 4.03
6, 8069, 5,     9.53, 5,   coast,  -13.12,  81580.00, 1790.99, 1773.16,   84.98, 22.5, 4.06, 4.06, 4.03
6, 8069, 5,     9.54, 5,   coast,  -13.11,  81573.00, 1791.68, 1773.85,   84.85, 22.5, 4.06, 4.06, 4.03
6, 8069, 5,     9.55, 5,   coast,  -13.10,  81564.00, 1792.58, 1774.75,   84.72, 22.5, 4.06, 4.08, 4.05
6, 8069, 5,     9.56, 5,   coast,  -13.09,  81561.00, 1792.87, 1775.05,   84.59, 22.5, 4.06, 4.06, 4.03
6, 8069, 5,     9.57, 5,   coast,  -13.08,  81549.00, 1794.07, 1776.24,   84.45, 22.5, 4.02, 4.06, 4.02
6, 8069, 5,     9.58, 5,   coast,  -13.07,  81549.00, 1794.07, 1776.24,   84.32, 22.5, 4.06, 4.06, 4.03
6, 8069, 5,     9.59, 5,   coast,  -13.06,  81538.00, 1795.16, 1777.33,   84.19, 22.5, 4.05, 4.05, 4.02
6, 8069, 5,     9.60, 5,   coast,  -13.05,  81528.00, 1796.15, 1778.32,   84.06, 22.4, 4.06, 4.06, 4.03
6, 8069, 5,     9.61, 5,   coast,  -13.04,  81514.00, 1797.54, 1779.71,   83.93, 22.4, 4.06, 4.06, 4.03
6, 8069, 5,     9.62, 5,   coast,  -13.03,  81508.00, 1798.14, 1780.31,   83.80, 22.4, 4.05, 4.08, 4.03
6, 8069, 5,     9.63, 5,   coast,  -13.02,  81499.00, 1799.03, 1781.20,   83.67, 22.4, 4.06, 4.06, 4.03
6, 8069, 5,     9.64, 5,   coast,  -13.01,  81491.00, 1799.82, 1781.99,   83.54, 22.5, 4.06, 4.06, 4.03
6, 8069, 5,     9.65, 5,   coast,  -12.99,  81484.00, 1800.52, 1782.69,   83.41, 22.5, 4.06, 4.06, 4.03
6, 8069, 5,     9.66, 5,   coast,  -12.98,  81478.00, 1801.11, 1783.28,   83.28, 22.5, 4.06, 4.06, 4.03
6, 8069, 5,     9.67, 5,   coast,  -12.97,  81466.00, 1802.31, 1784.48,   83.15, 22.5, 4.06, 4.06, 4.03
6, 8069, 5,     9.68, 5,   coast,  -12.96,  81456.00, 1803.30, 1785.47,   83.02, 22.5, 4.02, 4.05, 4.02
6, 8069, 5,     9.69, 5,   coast,  -12.95,  81456.00, 1803.30, 1785.47,   82.89, 22.5, 4.06, 4.06, 4.03
6, 8069, 5,     9.70, 5,   coast,  -12.94,  81447.00, 1804.19, 1786.36,   82.76, 22.5, 4.05, 4.05, 4.02
6, 8069, 5,     9.71, 5,   coast,  -12.93,  81436.00, 1805.29, 1787.46,   82.63, 22.4, 4.06, 4.06, 4.02
6, 8069, 5,     9.72, 5,   coast,  -12.92,  81419.00, 1806.98, 1789.15,   82.50, 22.4, 4.06, 4.06, 4.02
6, 8069, 5,     9.73, 5,   coast,  -12.91,  81415.00, 1807.37, 1789.54,   82.37, 22.4, 4.06, 4.06, 4.03
6, 8069, 5,     9.74, 5,   coast,  -12.90,  81400.00, 1808.86, 1791.03,   82.24, 22.4, 4.06, 4.06, 4.03
6, 8069, 5,     9.75, 5,   coast,  -12.89,  81398.00, 1809.06, 1791.23,   82.12, 22.5, 4.06, 4.06, 4.03
6, 8069, 5,     9.76, 5,   coast,  -12.88,  81390.00, 1809.86, 1792.03,   81.99, 22.5, 4.06, 4.06, 4.03
6, 8069, 5,     9.77, 5,   coast,  -12.87,  81382.00, 1810.65, 1792.82,   81.86, 22.5, 4.06, 4.06, 4.03
6, 8069, 5,     9.78, 5,   coast,  -12.86,  81374.00, 1811.45, 1793.62,   81.73, 22.5, 4.06, 4.08, 4.03
6, 8069, 5,     9.79, 5,   coast,  -12.85,  81361.00, 1812.74, 1794.91,   81.60, 22.5, 4.02, 4.06, 4.02
6, 8069, 5,     9.80, 5,   coast,  -12.84,  81361.00, 1812.74, 1794.91,   81.47, 22.5, 4.06, 4.06, 4.03
6, 8069, 5,     9.81, 5,   coast,  -12.83,  81360.00, 1812.84, 1795.01,   81.34, 22.5, 4.05, 4.05, 4.02
6, 8069, 5,     9.82, 5,   coast,  -12.82,  81343.00, 1814.53, 1796.70,   81.21, 22.4, 4.06, 4.08, 4.03
6, 8069, 5,     9.83, 5,   coast,  -12.81,  81336.00, 1815.23, 1797.40,   81.09, 22.4, 4.06, 4.06, 4.03
6, 8069, 5,     9.84, 5,   coast,  -12.80,  81320.00, 1816.82, 1798.99,   80.96, 22.4, 4.06, 4.06, 4.02
6, 8069, 5,     9.85, 5,   coast,  -12.79,  81319.00, 1816.92, 1799.09,   80.83, 22.4, 4.06, 4.06, 4.03
6, 8069, 5,     9.86, 5,   coast,  -12.78,  81309.00, 1817.91, 1800.08,   80.70, 22.5, 4.06, 4.08, 4.03
6, 8069, 5,     9.87, 5,   coast,  -12.77,  81300.00, 1818.81, 1800.98,   80.58, 22.5, 4.06, 4.08, 4.03
6, 8069, 5,     9.88, 5,   coast,  -12.76,  81291.00, 1819.70, 1801.87,   80.45, 22.5, 4.06, 4.06, 4.02
6, 8069, 5,     9.89, 5,   coast,  -12.75,  81280.00, 1820.80, 1802.97,   80.32, 22.5, 4.06, 4.06, 4.03
6, 8069, 5,     9.90, 5,   coast,  -12.74,  81276.00, 1821.20, 1803.37,   80.19, 22.5, 4.02, 4.06, 4.02
6, 8069, 5,     9.91, 5,   coast,  -12.73,  81276.00, 1821.20, 1803.37,   80.06, 22.5, 4.05, 4.06, 4.03
6, 8069, 5,     9.92, 5,   coast,  -12.72,  81268.00, 1821.99, 1804.16,   79.94, 22.5, 4.05, 4.06, 4.02
6, 8069, 5,     9.93, 5,   coast,  -12.71,  81248.00, 1823.98, 1806.15,   79.81, 22.4, 4.06, 4.08, 4.03
6, 8069, 5,     9.94, 5,   coast,  -12.70,  81244.00, 1824.38, 1806.55,   79.68, 22.4, 4.06, 4.06, 4.03
6, 8069, 5,     9.95, 5,   coast,  -12.69,  81240.00, 1824.78, 1806.95,   79.56, 22.4, 4.06, 4.06, 4.03
6, 8069, 5,     9.96, 5,   coast,  -12.68,  81231.00, 1825.67, 1807.85,   79.43, 22.4, 4.06, 4.06, 4.02
6, 8069, 5,     9.97, 5,   coast,  -12.67,  81214.00, 1827.37, 1809.54,   79.30, 22.5, 4.06, 4.06, 4.03
6, 8069, 5,     9.98, 5,   coast,  -12.66,  81217.00, 1827.07, 1809.24,   79.18, 22.5, 4.06, 4.06, 4.03
6, 8069, 5,     9.99, 5,   coast,  -12.65,  81198.00, 1828.96, 1811.13,   79.05, 22.5, 4.06, 4.06, 4.03
6, 8069, 5,    10.00, 5,   coast,  -12.64,  81199.00, 1828.86, 1811.03,   78.92, 22.5, 4.06, 4.06, 4.03
6, 8069, 5,    10.01, 5,   coast,  -12.63,  81186.00, 1830.16, 1812.33,   78.80, 22.5, 4.02, 4.05, 4.02
6, 8069, 5,    10.02, 5,   coast,  -12.62,  81186.00, 1830.16, 1812.33,   78.67, 22.5, 4.06, 4.06, 4.03
6, 8069, 5,    10.03, 5,   coast,  -12.61,  81182.00, 1830.55, 1812.72,   78.55, 22.5, 4.05, 4.05, 4.02
6, 8069, 5,    10.04, 5,   coast,  -12.60,  81161.00, 1832.65, 1814.82,   78.42, 22.4, 4.06, 4.06, 4.03
6, 8069, 5,    10.05, 5,   coast,  -12.59,  81160.00, 1832.75, 1814.92,   78.29, 22.4, 4.05, 4.06, 4.02
6, 8069, 5,    10.06, 5,   coast,  -12.58,  81148.00, 1833.94, 1816.11,   78.17, 22.4, 4.06, 4.06, 4.03
6, 8069, 5,    10.07, 5,   coast,  -12.57,  81141.00, 1834.64, 1816.81,   78.04, 22.4, 4.06, 4.06, 4.03
6, 8069, 5,    10.08, 5,   coast,  -12.56,  81137.00, 1835.04, 1817.21,   77.92, 22.5, 4.06, 4.06, 4.03
6, 8069, 5,    10.09, 5,   coast,  -12.55,  81129.00, 1835.83, 1818.01,   77.79, 22.5, 4.06, 4.06, 4.03
6, 8069, 5,    10.10, 5,   coast,  -12.54,  81115.00, 1837.23, 1819.40,   77.67, 22.5, 4.05, 4.06, 4.03
6, 8069, 5,    10.11, 5,   coast,  -12.53,  81109.00, 1837.83, 1820.00,   77.54, 22.5, 4.06, 4.06, 4.03
6, 8069, 5,    10.12, 5,   coast,  -12.52,  81100.00, 1838.73, 1820.90,   77.41, 22.5, 4.02, 4.08, 4.02
6, 8069, 5,    10.13, 5,   coast,  -12.51,  81100.00, 1838.73, 1820.90,   77.29, 22.5, 4.06, 4.06, 4.03
6, 8069, 5,    10.14, 5,   coast,  -12.50,  81102.00, 1838.53, 1820.70,   77.16, 22.5, 4.05, 4.05, 4.02
6, 8069, 5,    10.15, 5,   coast,  -12.49,  81082.00, 1840.52, 1822.69,   77.04, 22.4, 4.06, 4.06, 4.03
6, 8069, 5,    10.16, 5,   coast,  -12.49,  81073.00, 1841.42, 1823.59,   76.91, 22.4, 4.06, 4.06, 4.03
6, 8069, 5,    10.17, 5,   coast,  -12.48,  81067.00, 1842.02, 1824.19,   76.79, 22.4, 4.06, 4.06, 4.03
6, 8069, 5,    10.18, 5,   coast,  -12.47,  81057.00, 1843.01, 1825.18,   76.66, 22.4, 4.06, 4.06, 4.03
6, 8069, 5,    10.19, 5,   coast,  -12.46,  81047.00, 1844.01, 1826.18,   76.54, 22.5, 4.06, 4.06, 4.03
6, 8069, 5,    10.20, 5,   coast,  -12.45,  81047.00, 1844.01, 1826.18,   76.42, 22.5, 4.06, 4.06, 4.03
6, 8069, 5,    10.21, 5,   coast,  -12.44,  81027.00, 1846.00, 1828.18,   76.29, 22.5, 4.06, 4.06, 4.03
6, 8069, 5,    10.22, 5,   coast,  -12.43,  81027.00, 1846.00, 1828.18,   76.17, 22.5, 4.06, 4.06, 4.03
6, 8069, 5,    10.23, 5,   coast,  -12.42,  81019.00, 1846.80, 1828.97,   76.04, 22.5, 4.02, 4.08, 4.02
6, 8069, 5,    10.24, 5,   coast,  -12.41,  81019.00, 1846.80, 1828.97,   75.92, 22.5, 4.06, 4.06, 4.03
6, 8069, 5,    10.25, 5,   coast,  -12.40,  81009.00, 1847.80, 1829.97,   75.80, 22.5, 4.03, 4.05, 4.02
6, 8069, 5,    10.26, 5,   coast,  -12.40,  81000.00, 1848.70, 1830.87,   75.67, 22.4, 4.06, 4.06, 4.03
6, 8069, 5,    10.27, 5,   coast,  -12.39,  80986.00, 1850.10, 1832.27,   75.55, 22.4, 4.05, 4.06, 4.03
6, 8069, 5,    10.28, 5,   coast,  -12.38,  80975.00, 1851.19, 1833.36,   75.42, 22.4, 4.06, 4.08, 4.03
6, 8069, 5,    10.29, 5,   coast,  -12.37,  80974.00, 1851.29, 1833.46,   75.30, 22.4, 4.06, 4.06, 4.03
6, 8069, 5,    10.30, 5,   coast,  -12.36,  80964.00, 1852.29, 1834.46,   75.18, 22.4, 4.06, 4.06, 4.03
6, 8069, 5,    10.31, 5,   coast,  -12.35,  80959.00, 1852.79, 1834.96,   75.05, 22.5, 4.06, 4.06, 4.02
6, 8069, 5,    10.32, 5,   coast,  -12.34,  80952.00, 1853.49, 1835.66,   74.93, 22.5, 4.06, 4.06, 4.03
6, 8069, 5,    10.33, 5,   coast,  -12.34,  80943.00, 1854.39, 1836.56,   74.81, 22.5, 4.06, 4.06, 4.03
6, 8069, 5,    10.34, 5,   coast,  -12.33,  80933.00, 1855.39, 1837.56,   74.68, 22.5, 4.02, 4.06, 4.02
6, 8069, 5,    10.35, 5,   coast,  -12.32,  80933.00, 1855.39, 1837.56,   74.56, 22.5, 4.06, 4.06, 4.03
6, 8069, 5,    10.36, 5,   coast,  -12.31,  80925.00, 1856.19, 1838.36,   74.44, 22.5, 4.05, 4.05, 4.02
6, 8069, 5,    10.37, 5,   coast,  -12.30,  80907.00, 1857.98, 1840.15,   74.31, 22.4, 4.06, 4.08, 4.03
6, 8069, 5,    10.38, 5,   coast,  -12.29,  80908.00, 1857.88, 1840.05,   74.19, 22.4, 4.06, 4.06, 4.03
6, 8069, 5,    10.39, 5,   coast,  -12.28,  80895.00, 1859.18, 1841.35,   74.07, 22.4, 4.06, 4.06, 4.03
6, 8069, 5,    10.40, 5,   coast,  -12.28,  80888.00, 1859.88, 1842.05,   73.94, 22.4, 4.06, 4.06, 4.02
6, 8069, 5,    10.41, 5,   coast,  -12.27,  80880.00, 1860.68, 1842.85,   73.82, 22.4, 4.06, 4.06, 4.03
6, 8069, 5,    10.42, 5,   coast,  -12.26,  80874.00, 1861.28, 1843.45,   73.70, 22.5, 4.06, 4.06, 4.03
6, 8069, 5,    10.43, 5,   coast,  -12.25,  80872.00, 1861.48, 1843.65,   73.58, 22.5, 4.06, 4.06, 4.03
6, 8069, 5,    10.44, 5,   coast,  -12.24,  80856.00, 1863.08, 1845.25,   73.45, 22.5, 4.06, 4.06, 4.03
6, 8069, 5,    10.45, 5,   coast,  -12.24,  80859.00, 1862.78, 1844.95,   73.33, 22.5, 4.02, 4.06, 4.02
6, 8069, 5,    10.46, 5,   coast,  -12.23,  80859.00, 1862.78, 1844.95,   73.21, 22.5, 4.06, 4.06, 4.03
6, 8069, 5,    10.47, 5,   coast,  -12.22,  80837.00, 1864.98, 1847.15,   73.09, 22.5, 4.05, 4.05, 4.02
6, 8069, 5,    10.48, 5,   coast,  -12.21,  80834.00, 1865.28, 1847.45,   72.96, 22.4, 4.06, 4.06, 4.03
6, 8069, 5,    10.49, 5,   coast,  -12.20,  80822.00, 1866.48, 1848.65,   72.84, 22.4, 4.06, 4.06, 4.03
6, 8069, 5,    10.50, 5,   coast,  -12.19,  80820.00, 1866.68, 1848.85,   72.72, 22.4, 4.06, 4.06, 4.03
6, 8069, 5,    10.51, 5,   coast,  -12.19,  80809.00, 1867.78, 1849.95,   72.60, 22.4, 4.06, 4.06, 4.03
6, 8069, 5,    10.52, 5,   coast,  -12.18,  80802.00, 1868.48, 1850.65,   72.48, 22.4, 4.06, 4.06, 4.03
6, 8069, 5,    10.53, 5,   coast,  -12.17,  80794.00, 1869.28, 1851.45,   72.36, 22.5, 4.06, 4.06, 4.03
6, 8069, 5,    10.54, 5,   coast,  -12.16,  80784.00, 1870.28, 1852.45,   72.23, 22.5, 4.06, 4.08, 4.03
6, 8069, 5,    10.55, 5,   coast,  -12.15,  80780.00, 1870.68, 1852.85,   72.11, 22.5, 4.06, 4.06, 4.03
6, 8069, 5,    10.56, 5,   coast,  -12.15,  80776.00, 1871.08, 1853.25,   71.99, 22.5, 4.02, 4.06, 4.02
6, 8069, 5,    10.57, 5,   coast,  -12.14,  80776.00, 1871.08, 1853.25,   71.87, 22.5, 4.05, 4.06, 4.03
6, 8069, 5,    10.58, 5,   coast,  -12.13,  80763.00, 1872.38, 1854.55,   71.75, 22.5, 4.06, 4.05, 4.02
6, 8069, 5,    10.59, 5,   coast,  -12.12,  80754.00, 1873.28, 1855.45,   71.63, 22.4, 4.06, 4.08, 4.03
6, 8069, 5,    10.60, 5,   coast,  -12.11,  80747.00, 1873.98, 1856.15,   71.50, 22.4, 4.06, 4.08, 4.02
6, 8069, 5,    10.61, 5,   coast,  -12.11,  80743.00, 1874.38, 1856.55,   71.38, 22.4, 4.06, 4.06, 4.03
6, 8069, 5,    10.62, 5,   coast,  -12.10,  80729.00, 1875.78, 1857.95,   71.26, 22.4, 4.06, 4.06, 4.03
6, 8069, 5,    10.63, 5,   coast,  -12.09,  80724.00, 1876.28, 1858.45,   71.14, 22.5, 4.06, 4.06, 4.03
6, 8069, 5,    10.64, 5,   coast,  -12.08,  80713.00, 1877.38, 1859.55,   71.02, 22.5, 4.06, 4.06, 4.03
6, 8069, 5,    10.65, 5,   coast,  -12.07,  80712.00, 1877.48, 1859.65,   70.90, 22.5, 4.06, 4.06, 4.03
6, 8069, 5,    10.66, 5,   coast,  -12.07,  80702.00, 1878.48, 1860.65,   70.78, 22.5, 4.06, 4.06, 4.03
6, 8069, 5,    10.67, 5,   coast,  -12.06,  80693.00, 1879.38, 1861.55,   70.66, 22.5, 4.02, 4.06, 4.02
6, 8069, 5,    10.68, 5,   coast,  -12.05,  80693.00, 1879.38, 1861.55,   70.54, 22.5, 4.06, 4.06, 4.03
6, 8069, 5,    10.69, 5,   coast,  -12.04,  80689.00, 1879.78, 1861.95,   70.42, 22.5, 4.05, 4.05, 4.02
6, 8069, 5,    10.70, 5,   coast,  -12.03,  80674.00, 1881.28, 1863.45,   70.30, 22.4, 4.06, 4.06, 4.03
6, 8069, 5,    10.71, 5,   coast,  -12.03,  80663.00, 1882.38, 1864.55,   70.18, 22.4, 4.06, 4.08, 4.03
6, 8069, 5,    10.72, 5,   coast,  -12.02,  80663.00, 1882.38, 1864.55,   70.06, 22.4, 4.06, 4.06, 4.03
6, 8069, 5,    10.73, 5,   coast,  -12.01,  80648.00, 1883.89, 1866.06,   69.94, 22.4, 4.06, 4.06, 4.03
6, 8069, 5,    10.74, 5,   coast,  -12.00,  80645.00, 1884.19, 1866.36,   69.82, 22.5, 4.06, 4.08, 4.03
6, 8069, 5,    10.75, 5,   coast,  -11.99,  80639.00, 1884.79, 1866.96,   69.70, 22.5, 4.06, 4.06, 4.03
6, 8069, 5,    10.76, 5,   coast,  -11.99,  80638.00, 1884.89, 1867.06,   69.58, 22.5, 4.06, 4.06, 4.03
6, 8069, 5,    10.77, 5,   coast,  -11.98,  80620.00, 1886.69, 1868.86,   69.46, 22.5, 4.06, 4.06, 4.03
6, 8069, 5,    10.78, 5,   coast,  -11.97,  80613.00, 1887.39, 1869.56,   69.34, 22.5, 4.02, 4.06, 4.02
6, 8069, 5,    10.79, 5,   coast,  -11.96,  80613.00, 1887.39, 1869.56,   69.22, 22.5, 4.06, 4.06, 4.03
6, 8069, 5,    10.80, 5,   coast,  -11.96,  80613.00, 1887.39, 1869.56,   69.10, 22.5, 4.05, 4.05, 4.02
6, 8069, 5,    10.81, 5,   coast,  -11.95,  80598.00, 1888.89, 1871.07,   68.98, 22.4, 4.06, 4.06, 4.03
6, 8069, 5,    10.82, 5,   coast,  -11.94,  80590.00, 1889.70, 1871.87,   68.86, 22.4, 4.06, 4.08, 4.03
6, 8069, 5,    10.83, 5,   coast,  -11.93,  80584.00, 1890.30, 1872.47,   68.74, 22.4, 4.06, 4.08, 4.03
6, 8069, 5,    10.84, 5,   coast,  -11.93,  80578.00, 1890.90, 1873.07,   68.62, 22.4, 4.06, 4.08, 4.03
6, 8069, 5,    10.85, 5,   coast,  -11.92,  80569.00, 1891.80, 1873.97,   68.50, 22.5, 4.06, 4.08, 4.02
6, 8069, 5,    10.86, 5,   coast,  -11.91,  80569.00, 1891.80, 1873.97,   68.38, 22.5, 4.06, 4.06, 4.03
6, 8069, 5,    10.87, 5,   coast,  -11.90,  80550.00, 1893.70, 1875.88,   68.26, 22.5, 4.05, 4.06, 4.02
6, 8069, 5,    10.88, 5,   coast,  -11.90,  80547.00, 1894.01, 1876.18,   68.14, 22.5, 4.06, 4.06, 4.03
6, 8069, 5,    10.89, 5,   coast,  -11.89,  80540.00, 1894.71, 1876.88,   68.02, 22.5, 4.02, 4.08, 4.02
6, 8069, 5,    10.90, 5,   coast,  -11.88,  80540.00, 1894.71, 1876.88,   67.91, 22.5, 4.06, 4.06, 4.03
6, 8069, 5,    10.91, 5,   coast,  -11.87,  80536.00, 1895.11, 1877.28,   67.79, 22.5, 4.05, 4.05, 4.02
6, 8069, 5,    10.92, 5,   coast,  -11.87,  80522.00, 1896.51, 1878.68,   67.67, 22.4, 4.06, 4.06, 4.03
6, 8069, 5,    10.93, 5,   coast,  -11.86,  80521.00, 1896.61, 1878.78,   67.55, 22.4, 4.06, 4.06, 4.03
6, 8069, 5,    10.94, 5,   coast,  -11.85,  80508.00, 1897.92, 1880.09,   67.43, 22.4, 4.06, 4.06, 4.03
6, 8069, 5,    10.95, 5,   coast,  -11.85,  80505.00, 1898.22, 1880.39,   67.31, 22.4, 4.06, 4.06, 4.03
6, 8069, 5,    10.96, 5,   coast,  -11.84,  80492.00, 1899.52, 1881.69,   67.20, 22.4, 4.06, 4.08, 4.03
6, 8069, 5,    10.97, 5,   coast,  -11.83,  80492.00, 1899.52, 1881.69,   67.08, 22.5, 4.06, 4.06, 4.03
6, 8069, 5,    10.98, 5,   coast,  -11.82,  80482.00, 1900.52, 1882.69,   66.96, 22.5, 4.06, 4.08, 4.03
6, 8069, 5,    10.99, 5,   coast,  -11.82,  80472.00, 1901.53, 1883.70,   66.84, 22.5, 4.06, 4.06, 4.03
6, 8069, 5,    11.00, 5,   coast,  -11.81,  80469.00, 1901.83, 1884.00,   66.72, 22.5, 4.02, 4.06, 4.02
6, 8069, 5,    11.01, 5,   coast,  -11.80,  80469.00, 1901.83, 1884.00,   66.60, 22.5, 4.06, 4.06, 4.03
6, 8069, 5,    11.02, 5,   coast,  -11.80,  80464.00, 1902.33, 1884.50,   66.49, 22.5, 4.05, 4.05, 4.02
6, 8069, 5,    11.03, 5,   coast,  -11.79,  80455.00, 1903.23, 1885.40,   66.37, 22.4, 4.06, 4.06, 4.03
6, 8069, 5,    11.04, 5,   coast,  -11.78,  80441.00, 1904.64, 1886.81,   66.25, 22.4, 4.06, 4.06, 4.03
6, 8069, 5,    11.05, 5,   coast,  -11.78,  80438.00, 1904.94, 1887.11,   66.13, 22.4, 4.05, 4.06, 4.03
6, 8069, 5,    11.06, 5,   coast,  -11.77,  80434.00, 1905.34, 1887.51,   66.02, 22.4, 4.06, 4.06, 4.03
6, 8069, 5,    11.07, 5,   coast,  -11.76,  80427.00, 1906.04, 1888.21,   65.90, 22.4, 4.06, 4.08, 4.03
6, 8069, 5,    11.08, 5,   coast,  -11.76,  80422.00, 1906.54, 1888.71,   65.78, 22.5, 4.06, 4.06, 4.03
6, 8069, 5,    11.09, 5,   coast,  -11.75,  80412.00, 1907.55, 1889.72,   65.66, 22.5, 4.06, 4.06, 4.03
6, 8069, 5,    11.10, 5,   coast,  -11.74,  80400.00, 1908.75, 1890.92,   65.55, 22.5, 4.06, 4.06, 4.02
6, 8069, 5,    11.11, 5,   coast,  -11.74,  80403.00, 1908.45, 1890.62,   65.43, 22.5, 4.03, 4.06, 4.02
6, 8069, 5,    11.12, 5,   coast,  -11.73,  80403.00, 1908.45, 1890.62,   65.31, 22.5, 4.06, 4.06, 4.03
6, 8069, 5,    11.13, 5,   coast,  -11.73,  80392.00, 1909.55, 1891.73,   65.19, 22.5, 4.05, 4.05, 4.02
6, 8069, 5,    11.14, 5,   coast,  -11.72,  80387.00, 1910.06, 1892.23,   65.08, 22.4, 4.06, 4.08, 4.03
6, 8069, 5,    11.15, 5,   coast,  -11.71,  80374.00, 1911.36, 1893.53,   64.96, 22.4, 4.06, 4.08, 4.03
6, 8069, 5,    11.16, 5,   coast,  -11.71,  80374.00, 1911.36, 1893.53,   64.84, 22.4, 4.06, 4.06, 4.03
6, 8069, 5,    11.17, 5,   coast,  -11.70,  80358.00, 1912.97, 1895.14,   64.72, 22.4, 4.06, 4.06, 4.03
6, 8069, 5,    11.18, 5,   coast,  -11.69,  80359.00, 1912.87, 1895.04,   64.61, 22.5, 4.06, 4.06, 4.03
6, 8069, 5,    11.19, 5,   coast,  -11.69,  80344.00, 1914.38, 1896.55,   64.49, 22.5, 4.06, 4.06, 4.03
6, 8069, 5,    11.20, 5,   coast,  -11.68,  80339.00, 1914.88, 1897.05,   64.37, 22.5, 4.06, 4.08, 4.03
6, 8069, 5,    11.21, 5,   coast,  -11.68,  80328.00, 1915.98, 1898.15,   64.26, 22.5, 4.05, 4.08, 4.03
6, 8069, 5,    11.22, 5,   coast,  -11.67,  80330.00, 1915.78, 1897.95,   64.14, 22.5, 4.02, 4.06, 4.02
6, 8069, 5,    11.23, 5,   coast,  -11.66,  80330.00, 1915.78, 1897.95,   64.02, 22.5, 4.06, 4.06, 4.03
6, 8069, 5,    11.24, 5,   coast,  -11.66,  80318.00, 1916.99, 1899.16,   63.91, 22.5, 4.06, 4.06, 4.02
6, 8069, 5,    11.25, 5,   coast,  -11.65,  80309.00, 1917.89, 1900.06,   63.79, 22.4, 4.06, 4.06, 4.03
6, 8069, 5,    11.26, 5,   coast,  -11.64,  80294.00, 1919.40, 1901.57,   63.67, 22.4, 4.06, 4.06, 4.03
6, 8069, 5,    11.27, 5,   coast,  -11.64,  80293.00, 1919.50, 1901.67,   63.56, 22.4, 4.06, 4.06, 4.03
6, 8069, 5,    11.28, 5,   coast,  -11.63,  80291.00, 1919.70, 1901.87,   63.44, 22.4, 4.06, 4.06, 4.03
6, 8069, 5,    11.29, 5,   coast,  -11.63,  80280.00, 1920.81, 1902.98,   63.32, 22.4, 4.06, 4.06, 4.03
6, 8069, 5,    11.30, 5,   coast,  -11.62,  80274.00, 1921.41, 1903.58,   63.21, 22.5, 4.06, 4.06, 4.03
6, 8069, 5,    11.31, 5,   coast,  -11.61,  80267.00, 1922.11, 1904.28,   63.09, 22.5, 4.06, 4.06, 4.03
6, 8069, 5,    11.32, 5,   coast,  -11.61,  80268.00, 1922.01, 1904.18,   62.98, 22.5, 4.06, 4.06, 4.02
6, 8069, 5,    11.33, 5,   coast,  -11.60,  80257.00, 1923.12, 1905.29,   62.86, 22.5, 4.02, 4.06, 4.02
6, 8069, 5,    11.34, 5,   coast,  -11.60,  80257.00, 1923.12, 1905.29,   62.74, 22.5, 4.06, 4.06, 4.03
6, 8069, 5,    11.35, 5,   coast,  -11.59,  80249.00, 1923.92, 1906.09,   62.63, 22.5, 4.05, 4.06, 4.02
6, 8069, 5,    11.36, 5,   coast,  -11.58,  80240.00, 1924.83, 1907.00,   62.51, 22.4, 4.06, 4.06, 4.03
6, 8069, 5,    11.37, 5,   coast,  -11.58,  80233.00, 1925.53, 1907.70,   62.40, 22.4, 4.06, 4.06, 4.03
6, 8069, 5,    11.38, 5,   coast,  -11.57,  80224.00, 1926.44, 1908.61,   62.28, 22.4, 4.06, 4.06, 4.03
6, 8069, 5,    11.39, 5,   coast,  -11.57,  80218.00, 1927.04, 1909.21,   62.16, 22.4, 4.06, 4.06, 4.03
6, 8069, 5,    11.40, 5,   coast,  -11.56,  80212.00, 1927.64, 1909.81,   62.05, 22.4, 4.06, 4.06, 4.03
6, 8069, 5,    11.41, 5,   coast,  -11.56,  80207.00, 1928.15, 1910.32,   61.93, 22.5, 4.06, 4.06, 4.03
6, 8069, 5,    11.42, 5,   coast,  -11.55,  80203.00, 1928.55, 1910.72,   61.82, 22.5, 4.06, 4.06, 4.03
6, 8069, 5,    11.43, 5,   coast,  -11.54,  80195.00, 1929.35, 1911.52,   61.70, 22.5, 4.06, 4.08, 4.03
6, 8069, 5,    11.44, 5,   coast,  -11.54,  80190.00, 1929.86, 1912.03,   61.59, 22.5, 4.02, 4.05, 4.02
6, 8069, 5,    11.45, 5,   coast,  -11.53,  80190.00, 1929.86, 1912.03,   61.47, 22.5, 4.06, 4.06, 4.03
6, 8069, 5,    11.46, 5,   coast,  -11.53,  80183.00, 1930.56, 1912.73,   61.36, 22.5, 4.05, 4.06, 4.02
6, 8069, 5,    11.47, 5,   coast,  -11.52,  80171.00, 1931.77, 1913.94,   61.24, 22.4, 4.06, 4.06, 4.03
6, 8069, 5,    11.48, 5,   coast,  -11.52,  80168.00, 1932.07, 1914.24,   61.13, 22.4, 4.05, 4.06, 4.03
6, 8069, 5,    11.49, 5,   coast,  -11.51,  80155.00, 1933.38, 1915.55,   61.01, 22.4, 4.06, 4.06, 4.03
6, 8069, 5,    11.50, 5,   coast,  -11.50,  80152.00, 1933.68, 1915.85,   60.90, 22.4, 4.06, 4.06, 4.03
6, 8069, 5,    11.51, 5,   coast,  -11.50,  80148.00, 1934.08, 1916.25,   60.78, 22.4, 4.06, 4.08, 4.03
6, 8069, 5,    11.52, 5,   coast,  -11.49,  80143.00, 1934.59, 1916.76,   60.67, 22.5, 4.06, 4.08, 4.03
6, 8069, 5,    11.53, 5,   coast,  -11.49,  80134.00, 1935.49, 1917.66,   60.55, 22.5, 4.06, 4.06, 4.02
6, 8069, 5,    11.54, 5,   coast,  -11.48,  80129.00, 1935.99, 1918.17,   60.44, 22.5, 4.06, 4.06, 4.03
6, 8069, 5,    11.55, 5,   coast,  -11.48,  80120.00, 1936.90, 1919.07,   60.32, 22.5, 4.02, 4.08, 4.02
6, 8069, 5,    11.56, 5,   coast,  -11.47,  80120.00, 1936.90, 1919.07,   60.21, 22.5, 4.06, 4.06, 4.03
6, 8069, 5,    11.57, 5,   coast,  -11.47,  80115.00, 1937.40, 1919.57,   60.09, 22.5, 4.05, 4.05, 4.02
6, 8069, 5,    11.58, 5,   coast,  -11.46,  80115.00, 1937.40, 1919.57,   59.98, 22.4, 4.06, 4.06, 4.03
6, 8069, 5,    11.59, 5,   coast,  -11.46,  80102.00, 1938.71, 1920.88,   59.86, 22.4, 4.06, 4.06, 4.03
6, 8069, 5,    11.60, 5,   coast,  -11.45,  80099.00, 1939.01, 1921.19,   59.75, 22.4, 4.06, 4.06, 4.03
6, 8069, 5,    11.61, 5,   coast,  -11.45,  80087.00, 1940.22, 1922.39,   59.63, 22.4, 4.06, 4.06, 4.03
6, 8069, 5,    11.62, 5,   coast,  -11.44,  80077.00, 1941.23, 1923.40,   59.52, 22.4, 4.06, 4.06, 4.03
6, 8069, 5,    11.63, 5,   coast,  -11.44,  80078.00, 1941.13, 1923.30,   59.41, 22.5, 4.06, 4.06, 4.03
6, 8069, 5,    11.64, 5,   coast,  -11.43,  80071.00, 1941.83, 1924.01,   59.29, 22.5, 4.06, 4.06, 4.03
6, 8069, 5,    11.65, 5,   coast,  -11.43,  80067.00, 1942.24, 1924.41,   59.18, 22.5, 4.06, 4.06, 4.03
6, 8069, 5,    11.66, 5,   coast,  -11.42,  80059.00, 1943.04, 1925.21,   59.06, 22.5, 4.02, 4.05, 4.02
6, 8069, 5,    11.67, 5,   coast,  -11.42,  80059.00, 1943.04, 1925.21,   58.95, 22.5, 4.06, 4.06, 4.03
6, 8069, 5,    11.68, 5,   coast,  -11.41,  80049.00, 1944.05, 1926.22,   58.83, 22.5, 4.05, 4.05, 4.02
6, 8069, 5,    11.69, 5,   coast,  -11.41,  80044.00, 1944.55, 1926.73,   58.72, 22.4, 4.06, 4.06, 4.03
6, 8069, 5,    11.70, 5,   coast,  -11.40,  80038.00, 1945.16, 1927.33,   58.61, 22.4, 4.06, 4.08, 4.03
6, 8069, 5,    11.71, 5,   coast,  -11.40,  80032.00, 1945.76, 1927.93,   58.49, 22.4, 4.06, 4.06, 4.02
6, 8069, 5,    11.72, 5,   coast,  -11.39,  80025.00, 1946.47, 1928.64,   58.38, 22.4, 4.06, 4.06, 4.03
6, 8069, 5,    11.73, 5,   coast,  -11.39,  80018.00, 1947.17, 1929.35,   58.26, 22.4, 4.06, 4.06, 4.03
6, 8069, 5,    11.74, 5,   coast,  -11.38,  80010.00, 1947.98, 1930.15,   58.15, 22.5, 4.06, 4.06, 4.03
6, 8069, 5,    11.75, 5,   coast,  -11.38,  80009.00, 1948.08, 1930.25,   58.04, 22.5, 4.05, 4.06, 4.03
6, 8069, 5,    11.76, 5,   coast,  -11.37,  80002.00, 1948.79, 1930.96,   57.92, 22.5, 4.06, 4.08, 4.03
6, 8069, 5,    11.77, 5,   coast,  -11.37,  79994.00, 1949.59, 1931.76,   57.81, 22.5, 4.03, 4.06, 4.03
6, 8069, 5,    11.78, 5,   coast,  -11.37,  79994.00, 1949.59, 1931.76,   57.70, 22.5, 4.06, 4.06, 4.03
6, 8069, 5,    11.79, 5,   coast,  -11.36,  79987.00, 1950.30, 1932.47,   57.58, 22.5, 4.05, 4.05, 4.02
6, 8069, 5,    11.80, 5,   coast,  -11.36,  79977.00, 1951.31, 1933.48,   57.47, 22.4, 4.06, 4.08, 4.03
6, 8069, 5,    11.81, 5,   coast,  -11.35,  79970.00, 1952.01, 1934.18,   57.35, 22.4, 4.06, 4.06, 4.03
6, 8069, 5,    11.82, 5,   coast,  -11.35,  79968.00, 1952.21, 1934.39,   57.24, 22.4, 4.06, 4.08, 4.03
6, 8069, 5,    11.83, 5,   coast,  -11.34,  79957.00, 1953.32, 1935.49,   57.13, 22.4, 4.06, 4.06, 4.03
6, 8069, 5,    11.84, 5,   coast,  -11.34,  79954.00, 1953.63, 1935.80,   57.01, 22.4, 4.05, 4.06, 4.03
6, 8069, 5,    11.85, 5,   coast,  -11.33,  79947.00, 1954.33, 1936.50,   56.90, 22.5, 4.06, 4.06, 4.03
6, 8069, 5,    11.86, 5,   coast,  -11.33,  79949.00, 1954.13, 1936.30,   56.79, 22.5, 4.06, 4.08, 4.03
6, 8069, 5,    11.87, 5,   coast,  -11.33,  79937.00, 1955.34, 1937.51,   56.67, 22.5, 4.06, 4.06, 4.03
6, 8069, 5,    11.88, 5,   coast,  -11.32,  79937.00, 1955.34, 1937.51,   56.56, 22.5, 4.02, 4.06, 4.02
6, 8069, 5,    11.89, 5,   coast,  -11.32,  79937.00, 1955.34, 1937.51,   56.45, 22.5, 4.06, 4.06, 4.03
6, 8069, 5,    11.90, 5,   coast,  -11.31,  79928.00, 1956.25, 1938.42,   56.34, 22.5, 4.05, 4.05, 4.02
6, 8069, 5,    11.91, 5,   coast,  -11.31,  79912.00, 1957.86, 1940.03,   56.22, 22.4, 4.06, 4.06, 4.03
6, 8069, 5,    11.92, 5,   coast,  -11.30,  79908.00, 1958.27, 1940.44,   56.11, 22.4, 4.06, 4.06, 4.03
6, 8069, 5,    11.93, 5,   coast,  -11.30,  79901.00, 1958.97, 1941.14,   56.00, 22.4, 4.06, 4.06, 4.03
6, 8069, 5,    11.94, 5,   coast,  -11.30,  79893.00, 1959.78, 1941.95,   55.88, 22.4, 4.06, 4.06, 4.03
6, 8069, 5,    11.95, 5,   coast,  -11.29,  79894.00, 1959.68, 1941.85,   55.77, 22.4, 4.06, 4.06, 4.03
6, 8069, 5,    11.96, 5,   coast,  -11.29,  79880.00, 1961.09, 1943.26,   55.66, 22.5, 4.06, 4.06, 4.03
6, 8069, 5,    11.97, 5,   coast,  -11.28,  79879.00, 1961.19, 1943.36,   55.55, 22.5, 4.06, 4.06, 4.03
6, 8069, 5,    11.98, 5,   coast,  -11.28,  79878.00, 1961.29, 1943.46,   55.43, 22.5, 4.06, 4.06, 4.03
6, 8069, 5,    11.99, 5,   coast,  -11.28,  79870.00, 1962.10, 1944.27,   55.32, 22.5, 4.02, 4.08, 4.02
6, 8069, 5,    12.00, 5,   coast,  -11.27,  79870.00, 1962.10, 1944.27,   55.21, 22.5, 4.05, 4.06, 4.03
6, 8069, 5,    12.01, 5,   coast,  -11.27,  79865.00, 1962.61, 1944.78,   55.09, 22.5, 4.05, 4.05, 4.02
6, 8069, 5,    12.02, 5,   coast,  -11.26,  79852.00, 1963.92, 1946.09,   54.98, 22.4, 4.06, 4.06, 4.03
6, 8069, 5,    12.03, 5,   coast,  -11.26,  79849.00, 1964.22, 1946.39,   54.87, 22.4, 4.06, 4.08, 4.03
6, 8069, 5,    12.04, 5,   coast,  -11.26,  79840.00, 1965.13, 1947.30,   54.76, 22.4, 4.06, 4.06, 4.03
6, 8069, 5,    12.05, 5,   coast,  -11.25,  79837.00, 1965.43, 1947.60,   54.64, 22.4, 4.06, 4.06, 4.03
6, 8069, 5,    12.06, 5,   coast,  -11.25,  79838.00, 1965.33, 1947.50,   54.53, 22.4, 4.06, 4.08, 4.03
6, 8069, 5,    12.07, 5,   coast,  -11.24,  79828.00, 1966.34, 1948.51,   54.42, 22.5, 4.06, 4.06, 4.03
6, 8069, 5,    12.08, 5,   coast,  -11.24,  79824.00, 1966.74, 1948.92,   54.31, 22.5, 4.06, 4.06, 4.03
6, 8069, 5,    12.09, 5,   coast,  -11.24,  79818.00, 1967.35, 1949.52,   54.19, 22.5, 4.06, 4.06, 4.03
6, 8069, 5,    12.10, 5,   coast,  -11.23,  79811.00, 1968.06, 1950.23,   54.08, 22.5, 4.02, 4.05, 4.02
6, 8069, 5,    12.11, 5,   coast,  -11.23,  79811.00, 1968.06, 1950.23,   53.97, 22.5, 4.06, 4.06, 4.03
6, 8069, 5,    12.12, 5,   coast,  -11.22,  79804.00, 1968.76, 1950.94,   53.86, 22.5, 4.05, 4.05, 4.02
6, 8069, 5,    12.13, 5,   coast,  -11.22,  79792.00, 1969.98, 1952.15,   53.74, 22.4, 4.06, 4.06, 4.03
6, 8069, 5,    12.14, 5,   coast,  -11.22,  79788.00, 1970.38, 1952.55,   53.63, 22.4, 4.06, 4.06, 4.03
6, 8069, 5,    12.15, 5,   coast,  -11.21,  79783.00, 1970.89, 1953.06,   53.52, 22.4, 4.06, 4.08, 4.03
6, 8069, 5,    12.16, 5,   coast,  -11.21,  79779.00, 1971.29, 1953.46,   53.41, 22.4, 4.06, 4.06, 4.03
6, 8069, 5,    12.17, 5,   coast,  -11.20,  79776.00, 1971.59, 1953.76,   53.29, 22.4, 4.06, 4.06, 4.03
6, 8069, 5,    12.18, 5,   coast,  -11.20,  79771.00, 1972.10, 1954.27,   53.18, 22.5, 4.06, 4.06, 4.02
6, 8069, 5,    12.19, 5,   coast,  -11.20,  79768.00, 1972.40, 1954.57,   53.07, 22.5, 4.06, 4.06, 4.03
6, 8069, 5,    12.20, 5,   coast,  -11.19,  79758.00, 1973.41, 1955.58,   52.96, 22.5, 4.06, 4.06, 4.03
6, 8069, 5,    12.21, 5,   coast,  -11.19,  79749.00, 1974.32, 1956.49,   52.85, 22.5, 4.02, 4.06, 4.02
6, 8069, 5,    12.22, 5,   coast,  -11.18,  79749.00, 1974.32, 1956.49,   52.73, 22.5, 4.06, 4.06, 4.03
6, 8069, 5,    12.23, 5,   coast,  -11.18,  79746.00, 1974.62, 1956.79,   52.62, 22.5, 4.05, 4.05, 4.02
6, 8069, 5,    12.24, 5,   coast,  -11.18,  79735.00, 1975.74, 1957.91,   52.51, 22.4, 4.06, 4.06, 4.02
6, 8069, 5,    12.25, 5,   coast,  -11.17,  79733.00, 1975.94, 1958.11,   52.40, 22.4, 4.06, 4.06, 4.03
6, 8069, 5,    12.26, 5,   coast,  -11.17,  79732.00, 1976.04, 1958.21,   52.29, 22.4, 4.06, 4.06, 4.03
6, 8069, 5,    12.27, 5,   coast,  -11.16,  79722.00, 1977.05, 1959.22,   52.18, 22.4, 4.05, 4.06, 4.03
6, 8069, 5,    12.28, 5,   coast,  -11.16,  79716.00, 1977.66, 1959.83,   52.06, 22.4, 4.06, 4.06, 4.03
6, 8069, 5,    12.29, 5,   coast,  -11.16,  79715.00, 1977.76, 1959.93,   51.95, 22.5, 4.06, 4.06, 4.03
6, 8069, 5,    12.30, 5,   coast,  -11.15,  79705.00, 1978.77, 1960.94,   51.84, 22.5, 4.06, 4.06, 4.03
6, 8069, 5,    12.31, 5,   coast,  -11.15,  79696.00, 1979.68, 1961.85,   51.73, 22.5, 4.06, 4.06, 4.03
6, 8069, 5,    12.32, 5,   coast,  -11.14,  79694.00, 1979.88, 1962.05,   51.62, 22.5, 4.02, 4.05, 4.02
6, 8069, 5,    12.33, 5,   coast,  -11.14,  79694.00, 1979.88, 1962.05,   51.51, 22.5, 4.06, 4.06, 4.03
6, 8069, 5,    12.34, 5,   coast,  -11.14,  79690.00, 1980.28, 1962.46,   51.40, 22.5, 4.05, 4.05, 4.02
6, 8069, 5,    12.35, 5,   coast,  -11.13,  79686.00, 1980.69, 1962.86,   51.28, 22.4, 4.05, 4.06, 4.03
6, 8069, 5,    12.36, 5,   coast,  -11.13,  79675.00, 1981.80, 1963.97,   51.17, 22.4, 4.06, 4.06, 4.02
6, 8069, 5,    12.37, 5,   coast,  -11.13,  79668.00, 1982.51, 1964.68,   51.06, 22.4, 4.05, 4.06, 4.03
6, 8069, 5,    12.38, 5,   coast,  -11.12,  79663.00, 1983.02, 1965.19,   50.95, 22.4, 4.06, 4.06, 4.03
6, 8069, 5,    12.39, 5,   coast,  -11.12,  79661.00, 1983.22, 1965.39,   50.84, 22.4, 4.06, 4.06, 4.03
6, 8069, 5,    12.40, 5,   coast,  -11.11,  79656.00, 1983.72, 1965.89,   50.73, 22.5, 4.06, 4.06, 4.03
6, 8069, 5,    12.41, 5,   coast,  -11.11,  79644.00, 1984.94, 1967.11,   50.62, 22.5, 4.06, 4.08, 4.03
6, 8069, 5,    12.42, 5,   coast,  -11.11,  79645.00, 1984.84, 1967.01,   50.51, 22.5, 4.06, 4.08, 4.03
6, 8069, 5,    12.43, 5,   coast,  -11.10,  79645.00, 1984.84, 1967.01,   50.40, 22.5, 4.02, 4.06, 4.02
6, 8069, 5,    12.44, 5,   coast,  -11.10,  79645.00, 1984.84, 1967.01,   50.29, 22.5, 4.06, 4.06, 4.03
6, 8069, 5,    12.45, 5,   coast,  -11.10,  79635.00, 1985.85, 1968.02,   50.17, 22.5, 4.05, 4.05, 4.02
6, 8069, 5,    12.46, 5,   coast,  -11.09,  79622.00, 1987.16, 1969.33,   50.06, 22.4, 4.06, 4.06, 4.03
6, 8069, 5,    12.47, 5,   coast,  -11.09,  79621.00, 1987.26, 1969.43,   49.95, 22.4, 4.06, 4.06, 4.03
6, 8069, 5,    12.48, 5,   coast,  -11.08,  79618.00, 1987.57, 1969.74,   49.84, 22.4, 4.06, 4.06, 4.03
6, 8069, 5,    12.49, 5,   coast,  -11.08,  79610.00, 1988.38, 1970.55,   49.73, 22.4, 4.06, 4.08, 4.03
6, 8069, 5,    12.50, 5,   coast,  -11.08,  79603.00, 1989.09, 1971.26,   49.62, 22.5, 4.06, 4.06, 4.03
6, 8069, 5,    12.51, 5,   coast,  -11.07,  79601.00, 1989.29, 1971.46,   49.51, 22.5, 4.06, 4.06, 4.03
6, 8069, 5,    12.52, 5,   coast,  -11.07,  79598.00, 1989.59, 1971.76,   49.40, 22.5, 4.06, 4.06, 4.03
6, 8069, 5,    12.53, 5,   coast,  -11.07,  79592.00, 1990.20, 1972.37,   49.29, 22.5, 4.06, 4.06, 4.03
6, 8069, 5,    12.54, 5,   coast,  -11.06,  79590.00, 1990.40, 1972.57,   49.18, 22.5, 4.02, 4.06, 4.03
6, 8069, 5,    12.55, 5,   coast,  -11.06,  79590.00, 1990.40, 1972.57,   49.07, 22.5, 4.06, 4.06, 4.03
6, 8069, 5,    12.56, 5,   coast,  -11.06,  79583.00, 1991.11, 1973.28,   48.96, 22.5, 4.06, 4.05, 4.02
6, 8069, 5,    12.57, 5,   coast,  -11.05,  79575.00, 1991.92, 1974.09,   48.84, 22.4, 4.06, 4.06, 4.03
6, 8069, 5,    12.58, 5,   coast,  -11.05,  79567.00, 1992.73, 1974.90,   48.73, 22.4, 4.06, 4.06, 4.03
6, 8069, 5,    12.59, 5,   coast,  -11.04,  79562.00, 1993.24, 1975.41,   48.62, 22.4, 4.05, 4.06, 4.03
6, 8069, 5,    12.60, 5,   coast,  -11.04,  79555.00, 1993.94, 1976.12,   48.51, 22.4, 4.06, 4.06, 4.03
6, 8069, 5,    12.61, 5,   coast,  -11.04,  79556.00, 1993.84, 1976.01,   48.40, 22.4, 4.06, 4.06, 4.03
6, 8069, 5,    12.62, 5,   coast,  -11.03,  79546.00, 1994.86, 1977.03,   48.29, 22.4, 4.06, 4.06, 4.03
6, 8069, 5,    12.63, 5,   coast,  -11.03,  79547.00, 1994.75, 1976.93,   48.18, 22.5, 4.06, 4.06, 4.03
6, 8069, 5,    12.64, 5,   coast,  -11.03,  79539.00, 1995.56, 1977.74,   48.07, 22.5, 4.06, 4.06, 4.03
6, 8069, 5,    12.65, 5,   coast,  -11.02,  79532.00, 1996.27, 1978.44,   47.96, 22.5, 4.02, 4.06, 4.03
6, 8069, 5,    12.66, 5,   coast,  -11.02,  79532.00, 1996.27, 1978.44,   47.85, 22.5, 4.06, 4.06, 4.03
6, 8069, 5,    12.67, 5,   coast,  -11.02,  79527.00, 1996.78, 1978.95,   47.74, 22.5, 4.05, 4.05, 4.02
6, 8069, 5,    12.68, 5,   coast,  -11.01,  79523.00, 1997.18, 1979.36,   47.63, 22.4, 4.06, 4.08, 4.03
6, 8069, 5,    12.69, 5,   coast,  -11.01,  79521.00, 1997.39, 1979.56,   47.52, 22.4, 4.06, 4.06, 4.03
6, 8069, 5,    12.70, 5,   coast,  -11.01,  79515.00, 1998.00, 1980.17,   47.41, 22.4, 4.06, 4.08, 4.03
6, 8069, 5,    12.71, 5,   coast,  -11.00,  79510.00, 1998.50, 1980.67,   47.30, 22.4, 4.06, 4.06, 4.03
6, 8069, 5,    12.72, 5,   coast,  -11.00,  79503.00, 1999.21, 1981.38,   47.19, 22.4, 4.06, 4.08, 4.03
6, 8069, 5,    12.73, 5,   coast,  -11.00,  79496.00, 1999.92, 1982.09,   47.08, 22.4, 4.06, 4.06, 4.03
6, 8069, 5,    12.74, 5,   coast,  -10.99,  79494.00, 2000.12, 1982.29,   46.97, 22.5, 4.06, 4.06, 4.03
6, 8069, 5,    12.75, 5,   coast,  -10.99,  79484.00, 2001.14, 1983.31,   46.86, 22.5, 4.06, 4.06, 4.03
6, 8069, 5,    12.76, 5,   coast,  -10.99,  79488.00, 2000.73, 1982.90,   46.75, 22.5, 4.02, 4.05, 4.02
6, 8069, 5,    12.77, 5,   coast,  -10.98,  79488.00, 2000.73, 1982.90,   46.64, 22.5, 4.06, 4.06, 4.03
6, 8069, 5,    12.78, 5,   coast,  -10.98,  79479.00, 2001.64, 1983.81,   46.53, 22.5, 4.05, 4.06, 4.02
6, 8069, 5,    12.79, 5,   coast,  -10.97,  79471.00, 2002.45, 1984.62,   46.42, 22.4, 4.05, 4.06, 4.03
6, 8069, 5,    12.80, 5,   coast,  -10.97,  79465.00, 2003.06, 1985.23,   46.31, 22.4, 4.06, 4.06, 4.03
6, 8069, 5,    12.81, 5,   coast,  -10.97,  79457.00, 2003.87, 1986.04,   46.20, 22.4, 4.06, 4.06, 4.03
6, 8069, 5,    12.82, 5,   coast,  -10.96,  79451.00, 2004.48, 1986.65,   46.09, 22.4, 4.06, 4.06, 4.03
6, 8069, 5,    12.83, 5,   coast,  -10.96,  79451.00, 2004.48, 1986.65,   45.98, 22.4, 4.06, 4.06, 4.02
6, 8069, 5,    12.84, 5,   coast,  -10.96,  79446.00, 2004.99, 1987.16,   45.87, 22.5, 4.06, 4.06, 4.03
6, 8069, 5,    12.85, 5,   coast,  -10.95,  79438.00, 2005.80, 1987.97,   45.76, 22.5, 4.06, 4.06, 4.03
6, 8069, 5,    12.86, 5,   coast,  -10.95,  79431.00, 2006.51, 1988.68,   45.65, 22.5, 4.06, 4.06, 4.03
6, 8069, 5,    12.87, 5,   coast,  -10.94,  79432.00, 2006.41, 1988.58,   45.54, 22.5, 4.02, 4.06, 4.02
6, 8069, 5,    12.88, 5,   coast,  -10.94,  79432.00, 2006.41, 1988.58,   45.44, 22.5, 4.06, 4.06, 4.03
6, 8069, 5,    12.89, 5,   coast,  -10.94,  79426.00, 2007.01, 1989.19,   45.33, 22.5, 4.05, 4.05, 4.02
6, 8069, 5,    12.90, 5,   coast,  -10.93,  79419.00, 2007.72, 1989.90,   45.22, 22.4, 4.06, 4.06, 4.03
6, 8069, 5,    12.91, 5,   coast,  -10.93,  79412.00, 2008.43, 1990.60,   45.11, 22.4, 4.06, 4.06, 4.03
6, 8069, 5,    12.92, 5,   coast,  -10.92,  79407.00, 2008.94, 1991.11,   45.00, 22.4, 4.06, 4.06, 4.03
6, 8069, 5,    12.93, 5,   coast,  -10.92,  79406.00, 2009.04, 1991.21,   44.89, 22.4, 4.06, 4.06, 4.03
6, 8069, 5,    12.94, 5,   coast,  -10.92,  79398.00, 2009.85, 1992.02,   44.78, 22.5, 4.06, 4.06, 4.03
6, 8069, 5,    12.95, 5,   coast,  -10.91,  79397.00, 2009.96, 1992.13,   44.67, 22.5, 4.06, 4.08, 4.03
6, 8069, 5,    12.96, 5,   coast,  -10.91,  79391.00, 2010.56, 1992.73,   44.56, 22.5, 4.06, 4.06, 4.03
6, 8069, 5,    12.97, 5,   coast,  -10.90,  79386.00, 2011.07, 1993.24,   44.45, 22.5, 4.06, 4.08, 4.03
6, 8069, 5,    12.98, 5,   coast,  -10.90,  79388.00, 2010.87, 1993.04,   44.34, 22.5, 4.02, 4.05, 4.02
6, 8069, 5,    12.99, 5,   coast,  -10.90,  79388.00, 2010.87, 1993.04,   44.23, 22.5, 4.05, 4.06, 4.03
6, 8069, 5,    13.00, 5,   coast,  -10.89,  79375.00, 2012.19, 1994.36,   44.12, 22.5, 4.03, 4.05, 4.02
6, 8069, 5,    13.01, 5,   coast,  -10.89,  79370.00, 2012.69, 1994.86,   44.01, 22.4, 4.06, 4.06, 4.03
6, 8069, 5,    13.02, 5,   coast,  -10.88,  79369.00, 2012.80, 1994.97,   43.91, 22.4, 4.06, 4.06, 4.03
6, 8069, 5,    13.03, 5,   coast,  -10.88,  79367.00, 2013.00, 1995.17,   43.80, 22.4, 4.06, 4.08, 4.03
6, 8069, 5,    13.04, 5,   coast,  -10.87,  79356.00, 2014.11, 1996.28,   43.69, 22.4, 4.06, 4.08, 4.03
6, 8069, 5,    13.05, 5,   coast,  -10.87,  79348.00, 2014.93, 1997.10,   43.58, 22.4, 4.06, 4.08, 4.03
6, 8069, 5,    13.06, 5,   coast,  -10.86,  79352.00, 2014.52, 1996.69,   43.47, 22.5, 4.06, 4.06, 4.03
6, 8069, 5,    13.07, 5,   coast,  -10.86,  79352.00, 2014.52, 1996.69,   43.36, 22.5, 4.06, 4.08, 4.03
6, 8069, 5,    13.08, 5,   coast,  -10.85,  79342.00, 2015.53, 1997.71,   43.25, 22.5, 4.06, 4.06, 4.03
6, 8069, 5,    13.09, 5,   coast,  -10.85,  79336.00, 2016.14, 1998.31,   43.14, 22.5, 4.03, 4.06, 4.02
6, 8069, 5,    13.10, 5,   coast,  -10.84,  79336.00, 2016.14, 1998.31,   43.04, 22.5, 4.06, 4.06, 4.03
6, 8069, 5,    13.11, 5,   coast,  -10.84,  79333.00, 2016.45, 1998.62,   42.93, 22.5, 4.05, 4.05, 4.02
6, 8069, 5,    13.12, 5,   coast,  -10.83,  79323.00, 2017.46, 1999.63,   42.82, 22.4, 4.06, 4.08, 4.03
6, 8069, 5,    13.13, 5,   coast,  -10.83,  79320.00, 2017.77, 1999.94,   42.71, 22.4, 4.06, 4.06, 4.03
6, 8069, 5,    13.14, 5,   coast,  -10.82,  79317.00, 2018.07, 2000.24,   42.60, 22.4, 4.06, 4.06, 4.02
6, 8069, 5,    13.15, 5,   coast,  -10.82,  79314.00, 2018.38, 2000.55,   42.49, 22.4, 4.06, 4.06, 4.03
6, 8069, 5,    13.16, 5,   coast,  -10.81,  79312.00, 2018.58, 2000.75,   42.38, 22.5, 4.06, 4.06, 4.03
6, 8069, 5,    13.17, 5,   coast,  -10.81,  79312.00, 2018.58, 2000.75,   42.28, 22.5, 4.06, 4.06, 4.03
6, 8069, 5,    13.18, 5,   coast,  -10.80,  79305.00, 2019.29, 2001.46,   42.17, 22.5, 4.06, 4.06, 4.03
6, 8069, 5,    13.19, 5,   coast,  -10.80,  79294.00, 2020.41, 2002.58,   42.06, 22.5, 4.06, 4.06, 4.03
6, 8069, 5,    13.20, 5,   coast,  -10.79,  79292.00, 2020.61, 2002.78,   41.95, 22.5, 4.02, 4.06, 4.02
6, 8069, 5,    13.21, 5,   coast,  -10.79,  79292.00, 2020.61, 2002.78,   41.84, 22.5, 4.06, 4.06, 4.03
6, 8069, 5,    13.22, 5,   coast,  -10.78,  79288.00, 2021.02, 2003.19,   41.74, 22.5, 4.05, 4.05, 4.02
6, 8069, 5,    13.23, 5,   coast,  -10.78,  79276.00, 2022.23, 2004.40,   41.63, 22.4, 4.06, 4.06, 4.03
6, 8069, 5,    13.24, 5,   coast,  -10.77,  79275.00, 2022.34, 2004.51,   41.52, 22.4, 4.06, 4.08, 4.03
6, 8069, 5,    13.25, 5,   coast,  -10.77,  79269.00, 2022.94, 2005.12,   41.41, 22.4, 4.06, 4.06, 4.03
6, 8069, 5,    13.26, 5,   coast,  -10.76,  79265.00, 2023.35, 2005.52,   41.31, 22.4, 4.06, 4.08, 4.02
6, 8069, 5,    13.27, 5,   coast,  -10.76,  79262.00, 2023.66, 2005.83,   41.20, 22.5, 4.06, 4.08, 4.03
6, 8069, 5,    13.28, 5,   coast,  -10.75,  79259.00, 2023.96, 2006.13,   41.09, 22.5, 4.06, 4.06, 4.03
6, 8069, 5,    13.29, 5,   coast,  -10.75,  79255.00, 2024.37, 2006.54,   40.98, 22.5, 4.06, 4.08, 4.03
6, 8069, 5,    13.30, 5,   coast,  -10.74,  79253.00, 2024.57, 2006.74,   40.88, 22.5, 4.06, 4.06, 4.03
6, 8069, 5,    13.31, 5,   coast,  -10.74,  79246.00, 2025.28, 2007.45,   40.77, 22.5, 4.02, 4.06, 4.02
6, 8069, 5,    13.32, 5,   coast,  -10.73,  79246.00, 2025.28, 2007.45,   40.66, 22.5, 4.06, 4.06, 4.02
6, 8069, 5,    13.33, 5,   coast,  -10.73,  79242.00, 2025.69, 2007.86,   40.55, 22.5, 4.05, 4.05, 4.02
6, 8069, 5,    13.34, 5,   coast,  -10.72,  79234.00, 2026.50, 2008.67,   40.45, 22.4, 4.06, 4.06, 4.03
6, 8069, 5,    13.35, 5,   coast,  -10.72,  79228.00, 2027.11, 2009.28,   40.34, 22.4, 4.06, 4.06, 4.03
6, 8069, 5,    13.36, 5,   coast,  -10.71,  79228.00, 2027.11, 2009.28,   40.23, 22.4, 4.06, 4.08, 4.03
6, 8069, 5,    13.37, 5,   coast,  -10.71,  79222.00, 2027.72, 2009.89,   40.12, 22.4, 4.06, 4.06, 4.03
6, 8069, 5,    13.38, 5,   coast,  -10.70,  79218.00, 2028.13, 2010.30,   40.02, 22.4, 4.06, 4.06, 4.03
6, 8069, 5,    13.39, 5,   coast,  -10.70,  79214.00, 2028.53, 2010.70,   39.91, 22.5, 4.06, 4.06, 4.02
6, 8069, 5,    13.40, 5,   coast,  -10.69,  79213.00, 2028.63, 2010.80,   39.80, 22.5, 4.06, 4.06, 4.03
6, 8069, 5,    13.41, 5,   coast,  -10.69,  79207.00, 2029.24, 2011.41,   39.70, 22.5, 4.06, 4.06, 4.03
6, 8069, 5,    13.42, 5,   coast,  -10.68,  79197.00, 2030.26, 2012.43,   39.59, 22.5, 4.02, 4.05, 4.02
6, 8069, 5,    13.43, 5,   coast,  -10.68,  79197.00, 2030.26, 2012.43,   39.48, 22.5, 4.06, 4.06, 4.03
6, 8069, 5,    13.44, 5,   coast,  -10.67,  79201.00, 2029.85, 2012.02,   39.38, 22.5, 4.05, 4.05, 4.02
6, 8069, 5,    13.45, 5,   coast,  -10.67,  79185.00, 2031.48, 2013.65,   39.27, 22.4, 4.06, 4.06, 4.03
6, 8069, 5,    13.46, 5,   coast,  -10.66,  79188.00, 2031.17, 2013.34,   39.16, 22.4, 4.06, 4.08, 4.03
6, 8069, 5,    13.47, 5,   coast,  -10.66,  79179.00, 2032.09, 2014.26,   39.06, 22.4, 4.06, 4.06, 4.03
6, 8069, 5,    13.48, 5,   coast,  -10.65,  79175.00, 2032.49, 2014.67,   38.95, 22.4, 4.06, 4.06, 4.03
6, 8069, 5,    13.49, 5,   coast,  -10.65,  79177.00, 2032.29, 2014.46,   38.84, 22.5, 4.05, 4.06, 4.02
6, 8069, 5,    13.50, 5,   coast,  -10.64,  79173.00, 2032.70, 2014.87,   38.74, 22.5, 4.05, 4.06, 4.02
6, 8069, 5,    13.51, 5,   coast,  -10.64,  79170.00, 2033.00, 2015.17,   38.63, 22.5, 4.06, 4.06, 4.02
6, 8069, 5,    13.52, 5,   coast,  -10.63,  79163.00, 2033.71, 2015.89,   38.53, 22.5, 4.06, 4.06, 4.03
6, 8069, 5,    13.53, 5,   coast,  -10.63,  79162.00, 2033.82, 2015.99,   38.42, 22.5, 4.03, 4.08, 4.03
6, 8069, 5,    13.54, 5,   coast,  -10.62,  79162.00, 2033.82, 2015.99,   38.31, 22.5, 4.06, 4.06, 4.03
6, 8069, 5,    13.55, 5,   coast,  -10.62,  79152.00, 2034.83, 2017.00,   38.21, 22.5, 4.05, 4.05, 4.02
6, 8069, 5,    13.56, 5,   coast,  -10.61,  79153.00, 2034.73, 2016.90,   38.10, 22.4, 4.06, 4.08, 4.03
6, 8069, 5,    13.57, 5,   coast,  -10.61,  79143.00, 2035.75, 2017.92,   37.99, 22.4, 4.06, 4.06, 4.03
6, 8069, 5,    13.58, 5,   coast,  -10.61,  79141.00, 2035.95, 2018.12,   37.89, 22.4, 4.06, 4.06, 4.03
6, 8069, 5,    13.59, 5,   coast,  -10.60,  79136.00, 2036.46, 2018.63,   37.78, 22.4, 4.06, 4.08, 4.03
6, 8069, 5,    13.60, 5,   coast,  -10.60,  79133.00, 2036.76, 2018.94,   37.68, 22.5, 4.06, 4.06, 4.03
6, 8069, 5,    13.61, 5,   coast,  -10.59,  79129.00, 2037.17, 2019.34,   37.57, 22.5, 4.06, 4.06, 4.03
6, 8069, 5,    13.62, 5,   coast,  -10.59,  79121.00, 2037.99, 2020.16,   37.46, 22.5, 4.06, 4.06, 4.03
6, 8069, 5,    13.63, 5,   coast,  -10.58,  79127.00, 2037.38, 2019.55,   37.36, 22.5, 4.06, 4.06, 4.03
6, 8069, 5,    13.64, 5,   coast,  -10.58,  79116.00, 2038.49, 2020.66,   37.25, 22.5, 4.02, 4.06, 4.02
6, 8069, 5,    13.65, 5,   coast,  -10.57,  79116.00, 2038.49, 2020.66,   37.15, 22.5, 4.06, 4.06, 4.03
6, 8069, 5,    13.66, 5,   coast,  -10.57,  79115.00, 2038.60, 2020.77,   37.04, 22.5, 4.05, 4.05, 4.02
6, 8069, 5,    13.67, 5,   coast,  -10.56,  79104.00, 2039.71, 2021.89,   36.93, 22.4, 4.06, 4.06, 4.03
6, 8069, 5,    13.68, 5,   coast,  -10.56,  79103.00, 2039.82, 2021.99,   36.83, 22.4, 4.06, 4.06, 4.03
6, 8069, 5,    13.69, 5,   coast,  -10.55,  79106.00, 2039.51, 2021.68,   36.72, 22.4, 4.06, 4.06, 4.03
6, 8069, 5,    13.70, 5,   coast,  -10.55,  79100.00, 2040.12, 2022.29,   36.62, 22.4, 4.06, 4.06, 4.02
6, 8069, 5,    13.71, 5,   coast,  -10.54,  79095.00, 2040.63, 2022.80,   36.51, 22.5, 4.06, 4.06, 4.03
6, 8069, 5,    13.72, 5,   coast,  -10.54,  79095.00, 2040.63, 2022.80,   36.41, 22.5, 4.06, 4.06, 4.02
6, 8069, 5,    13.73, 5,   coast,  -10.53,  79091.00, 2041.04, 2023.21,   36.30, 22.5, 4.06, 4.06, 4.03
6, 8069, 5,    13.74, 5,   coast,  -10.53,  79083.00, 2041.85, 2024.02,   36.20, 22.5, 4.06, 4.08, 4.03
6, 8069, 5,    13.75, 5,   coast,  -10.53,  79086.00, 2041.55, 2023.72,   36.09, 22.5, 4.02, 4.06, 4.02
6, 8069, 5,    13.76, 5,   coast,  -10.52,  79086.00, 2041.55, 2023.72,   35.99, 22.5, 4.06, 4.06, 4.03
6, 8069, 5,    13.77, 5,   coast,  -10.52,  79073.00, 2042.87, 2025.04,   35.88, 22.5, 4.05, 4.05, 4.02
6, 8069, 5,    13.78, 5,   coast,  -10.51,  79071.00, 2043.07, 2025.24,   35.78, 22.4, 4.06, 4.06, 4.03
6, 8069, 5,    13.79, 5,   coast,  -10.51,  79071.00, 2043.07, 2025.24,   35.67, 22.4, 4.06, 4.06, 4.03
6, 8069, 5,    13.80, 5,   coast,  -10.50,  79062.00, 2043.99, 2026.16,   35.57, 22.4, 4.06, 4.06, 4.03
6, 8069, 5,    13.81, 5,   coast,  -10.50,  79062.00, 2043.99, 2026.16,   35.46, 22.5, 4.06, 4.06, 4.03
6, 8069, 5,    13.82, 5,   coast,  -10.49,  79053.00, 2044.90, 2027.07,   35.36, 22.5, 4.06, 4.06, 4.03
6, 8069, 5,    13.83, 5,   coast,  -10.49,  79054.00, 2044.80, 2026.97,   35.25, 22.5, 4.06, 4.06, 4.03
6, 8069, 5,    13.84, 5,   coast,  -10.48,  79048.00, 2045.41, 2027.58,   35.15, 22.5, 4.06, 4.06, 4.03
6, 8069, 5,    13.85, 5,   coast,  -10.48,  79046.00, 2045.62, 2027.79,   35.04, 22.5, 4.06, 4.06, 4.03
6, 8069, 5,    13.86, 5,   coast,  -10.48,  79041.00, 2046.12, 2028.30,   34.94, 22.5, 4.02, 4.06, 4.02
6, 8069, 5,    13.87, 5,   coast,  -10.47,  79041.00, 2046.12, 2028.30,   34.83, 22.5, 4.06, 4.06, 4.03
6, 8069, 5,    13.88, 5,   coast,  -10.47,  79035.00, 2046.74, 2028.91,   34.73, 22.5, 4.05, 4.05, 4.02
6, 8069, 5,    13.89, 5,   coast,  -10.46,  79032.00, 2047.04, 2029.21,   34.62, 22.4, 4.06, 4.08, 4.03
6, 8069, 5,    13.90, 5,   coast,  -10.46,  79028.00, 2047.45, 2029.62,   34.52, 22.4, 4.06, 4.06, 4.03
6, 8069, 5,    13.91, 5,   coast,  -10.45,  79023.00, 2047.96, 2030.13,   34.41, 22.4, 4.06, 4.06, 4.03
6, 8069, 5,    13.92, 5,   coast,  -10.45,  79018.00, 2048.47, 2030.64,   34.31, 22.4, 4.06, 4.08, 4.03
6, 8069, 5,    13.93, 5,   coast,  -10.45,  79025.00, 2047.75, 2029.92,   34.20, 22.5, 4.06, 4.06, 4.02
6, 8069, 5,    13.94, 5,   coast,  -10.44,  79011.00, 2049.18, 2031.35,   34.10, 22.5, 4.06, 4.08, 4.03
6, 8069, 5,    13.95, 5,   coast,  -10.44,  79009.00, 2049.38, 2031.55,   34.00, 22.5, 4.06, 4.06, 4.03
6, 8069, 5,    13.96, 5,   coast,  -10.43,  79003.00, 2049.99, 2032.16,   33.89, 22.5, 4.06, 4.06, 4.03
6, 8069, 5,    13.97, 5,   coast,  -10.43,  79006.00, 2049.69, 2031.86,   33.79, 22.5, 4.02, 4.08, 4.02
6, 8069, 5,    13.98, 5,   coast,  -10.42,  79006.00, 2049.69, 2031.86,   33.68, 22.5, 4.06, 4.06, 4.03
6, 8069, 5,    13.99, 5,   coast,  -10.42,  79002.00, 2050.10, 2032.27,   33.58, 22.5, 4.05, 4.06, 4.02
6, 8069, 5,    14.00, 5,   coast,  -10.42,  79000.00, 2050.30, 2032.47,   33.47, 22.4, 4.06, 4.08, 4.03
6, 8069, 5,    14.01, 5,   coast,  -10.41,  78993.00, 2051.01, 2033.18,   33.37, 22.4, 4.06, 4.06, 4.03
6, 8069, 5,    14.02, 5,   coast,  -10.41,  78986.00, 2051.72, 2033.90,   33.27, 22.4, 4.06, 4.08, 4.03
6, 8069, 5,    14.03, 5,   coast,  -10.40,  78987.00, 2051.62, 2033.79,   33.16, 22.4, 4.06, 4.06, 4.03
6, 8069, 5,    14.04, 5,   coast,  -10.40,  78982.00, 2052.13, 2034.30,   33.06, 22.4, 4.06, 4.06, 4.03
6, 8069, 5,    14.05, 5,   coast,  -10.40,  78977.00, 2052.64, 2034.81,   32.95, 22.5, 4.06, 4.06, 4.03
6, 8069, 5,    14.06, 5,   coast,  -10.39,  78977.00, 2052.64, 2034.81,   32.85, 22.5, 4.06, 4.06, 4.02
6, 8069, 5,    14.07, 5,   coast,  -10.39,  78969.00, 2053.46, 2035.63,   32.75, 22.5, 4.06, 4.06, 4.03
6, 8069, 5,    14.08, 5,   coast,  -10.39,  78971.00, 2053.25, 2035.42,   32.64, 22.5, 4.02, 4.05, 4.02
6, 8069, 5,    14.09, 5,   coast,  -10.38,  78971.00, 2053.25, 2035.42,   32.54, 22.5, 4.06, 4.06, 4.03
6, 8069, 5,    14.10, 5,   coast,  -10.38,  78969.00, 2053.46, 2035.63,   32.44, 22.5, 4.05, 4.05, 4.02
6, 8069, 5,    14.11, 5,   coast,  -10.37,  78962.00, 2054.17, 2036.34,   32.33, 22.4, 4.06, 4.06, 4.03
6, 8069, 5,    14.12, 5,   coast,  -10.37,  78958.00, 2054.58, 2036.75,   32.23, 22.4, 4.06, 4.06, 4.03
6, 8069, 5,    14.13, 5,   coast,  -10.37,  78959.00, 2054.47, 2036.65,   32.12, 22.4, 4.06, 4.06, 4.02
6, 8069, 5,    14.14, 5,   coast,  -10.36,  78948.00, 2055.60, 2037.77,   32.02, 22.4, 4.06, 4.06, 4.03
6, 8069, 5,    14.15, 5,   coast,  -10.36,  78945.00, 2055.90, 2038.07,   31.92, 22.5, 4.06, 4.08, 4.03
6, 8069, 5,    14.16, 5,   coast,  -10.36,  78948.00, 2055.60, 2037.77,   31.81, 22.5, 4.05, 4.06, 4.03
6, 8069, 5,    14.17, 5,   coast,  -10.35,  78940.00, 2056.41, 2038.58,   31.71, 22.5, 4.06, 4.06, 4.03
6, 8069, 5,    14.18, 5,   coast,  -10.35,  78934.00, 2057.02, 2039.19,   31.61, 22.5, 4.06, 4.06, 4.02
6, 8069, 5,    14.19, 5,   coast,  -10.35,  78942.00, 2056.21, 2038.38,   31.50, 22.5, 4.02, 4.08, 4.03
6, 8069, 5,    14.20, 5,   coast,  -10.34,  78942.00, 2056.21, 2038.38,   31.40, 22.5, 4.06, 4.06, 4.03
6, 8069, 5,    14.21, 5,   coast,  -10.34,  78937.00, 2056.72, 2038.89,   31.30, 22.5, 4.03, 4.05, 4.02
6, 8069, 5,    14.22, 5,   coast,  -10.34,  78922.00, 2058.24, 2040.42,   31.19, 22.4, 4.06, 4.08, 4.03
6, 8069, 5,    14.23, 5,   coast,  -10.34,  78923.00, 2058.14, 2040.31,   31.09, 22.4, 4.06, 4.06, 4.03
6, 8069, 5,    14.24, 5,   coast,  -10.33,  78917.00, 2058.75, 2040.93,   30.99, 22.4, 4.06, 4.06, 4.03
6, 8069, 5,    14.25, 5,   coast,  -10.33,  78915.00, 2058.96, 2041.13,   30.88, 22.4, 4.06, 4.06, 4.03
6, 8069, 5,    14.26, 5,   coast,  -10.33,  78911.00, 2059.37, 2041.54,   30.78, 22.5, 4.06, 4.06, 4.03
6, 8069, 5,    14.27, 5,   coast,  -10.32,  78907.00, 2059.77, 2041.94,   30.68, 22.5, 4.06, 4.06, 4.03
6, 8069, 5,    14.28, 5,   coast,  -10.32,  78905.00, 2059.98, 2042.15,   30.57, 22.5, 4.06, 4.06, 4.02
6, 8069, 5,    14.29, 5,   coast,  -10.32,  78896.00, 2060.89, 2043.07,   30.47, 22.5, 4.06, 4.06, 4.03
6, 8069, 5,    14.30, 5,   coast,  -10.32,  78900.00, 2060.49, 2042.66,   30.37, 22.5, 4.02, 4.05, 4.02
6, 8069, 5,    14.31, 5,   coast,  -10.31,  78900.00, 2060.49, 2042.66,   30.26, 22.5, 4.06, 4.06, 4.03
6, 8069, 5,    14.32, 5,   coast,  -10.31,  78903.00, 2060.18, 2042.35,   30.16, 22.5, 4.05, 4.05, 4.02
6, 8069, 5,    14.33, 5,   coast,  -10.31,  78892.00, 2061.30, 2043.47,   30.06, 22.4, 4.06, 4.06, 4.03
6, 8069, 5,    14.34, 5,   coast,  -10.31,  78892.00, 2061.30, 2043.47,   29.95, 22.4, 4.06, 4.06, 4.03
6, 8069, 5,    14.35, 5,   coast,  -10.30,  78886.00, 2061.91, 2044.08,   29.85, 22.4, 4.06, 4.08, 4.02
6, 8069, 5,    14.36, 5,   coast,  -10.30,  78880.00, 2062.53, 2044.70,   29.75, 22.4, 4.06, 4.06, 4.03
6, 8069, 5,    14.37, 5,   coast,  -10.30,  78879.00, 2062.63, 2044.80,   29.65, 22.5, 4.06, 4.08, 4.03
6, 8069, 5,    14.38, 5,   coast,  -10.30,  78877.00, 2062.83, 2045.00,   29.54, 22.5, 4.06, 4.06, 4.03
6, 8069, 5,    14.39, 5,   coast,  -10.30,  78873.00, 2063.24, 2045.41,   29.44, 22.5, 4.06, 4.06, 4.03
6, 8069, 5,    14.40, 5,   coast,  -10.29,  78871.00, 2063.44, 2045.61,   29.34, 22.5, 4.06, 4.08, 4.03
6, 8069, 5,    14.41, 5,   coast,  -10.29,  78869.00, 2063.65, 2045.82,   29.24, 22.5, 4.02, 4.06, 4.02
6, 8069, 5,    14.42, 5,   coast,  -10.29,  78869.00, 2063.65, 2045.82,   29.13, 22.5, 4.06, 4.06, 4.03
6, 8069, 5,    14.43, 5,   coast,  -10.29,  78863.00, 2064.26, 2046.43,   29.03, 22.5, 4.05, 4.05, 4.02
6, 8069, 5,    14.44, 5,   coast,  -10.29,  78861.00, 2064.46, 2046.63,   28.93, 22.4, 4.05, 4.06, 4.03
6, 8069, 5,    14.45, 5,   coast,  -10.28,  78860.00, 2064.57, 2046.74,   28.82, 22.4, 4.06, 4.06, 4.03
6, 8069, 5,    14.46, 5,   coast,  -10.28,  78852.00, 2065.38, 2047.55,   28.72, 22.4, 4.06, 4.06, 4.03
6, 8069, 5,    14.47, 5,   coast,  -10.28,  78851.00, 2065.48, 2047.65,   28.62, 22.4, 4.06, 4.06, 4.03
6, 8069, 5,    14.48, 5,   coast,  -10.28,  78848.00, 2065.79, 2047.96,   28.51, 22.5, 4.06, 4.06, 4.03
6, 8069, 5,    14.49, 5,   coast,  -10.28,  78848.00, 2065.79, 2047.96,   28.41, 22.5, 4.06, 4.08, 4.03
6, 8069, 5,    14.50, 5,   coast,  -10.27,  78844.00, 2066.20, 2048.37,   28.31, 22.5, 4.06, 4.05, 4.03
6, 8069, 5,    14.51, 5,   coast,  -10.27,  78843.00, 2066.30, 2048.47,   28.21, 22.5, 4.06, 4.08, 4.03
6, 8069, 5,    14.52, 5,   coast,  -10.27,  78836.00, 2067.01, 2049.18,   28.10, 22.5, 4.02, 4.05, 4.02
6, 8069, 5,    14.53, 5,   coast,  -10.27,  78836.00, 2067.01, 2049.18,   28.00, 22.5, 4.06, 4.06, 4.03
6, 8069, 5,    14.54, 5,   coast,  -10.27,  78832.00, 2067.42, 2049.59,   27.90, 22.5, 4.05, 4.06, 4.02
6, 8069, 5,    14.55, 5,   coast,  -10.27,  78832.00, 2067.42, 2049.59,   27.80, 22.4, 4.06, 4.06, 4.03
6, 8069, 5,    14.56, 5,   coast,  -10.26,  78825.00, 2068.13, 2050.31,   27.69, 22.4, 4.06, 4.06, 4.03
6, 8069, 5,    14.57, 5,   coast,  -10.26,  78831.00, 2067.52, 2049.69,   27.59, 22.4, 4.06, 4.08, 4.03
6, 8069, 5,    14.58, 5,   coast,  -10.26,  78821.00, 2068.54, 2050.71,   27.49, 22.4, 4.06, 4.06, 4.03
6, 8069, 5,    14.59, 5,   coast,  -10.26,  78820.00, 2068.64, 2050.82,   27.39, 22.5, 4.06, 4.06, 4.03
6, 8069, 5,    14.60, 5,   coast,  -10.26,  78816.00, 2069.05, 2051.22,   27.28, 22.5, 4.05, 4.06, 4.02
6, 8069, 5,    14.61, 5,   coast,  -10.26,  78815.00, 2069.15, 2051.33,   27.18, 22.5, 4.06, 4.06, 4.03
6, 8069, 5,    14.62, 5,   coast,  -10.25,  78815.00, 2069.15, 2051.33,   27.08, 22.5, 4.06, 4.06, 4.03
6, 8069, 5,    14.63, 5,   coast,  -10.25,  78806.00, 2070.07, 2052.24,   26.98, 22.5, 4.02, 4.06, 4.02
6, 8069, 5,    14.64, 5,   coast,  -10.25,  78806.00, 2070.07, 2052.24,   26.87, 22.5, 4.06, 4.06, 4.03
6, 8069, 5,    14.65, 5,   coast,  -10.25,  78805.00, 2070.18, 2052.35,   26.77, 22.5, 4.05, 4.05, 4.02
6, 8069, 5,    14.66, 5,   coast,  -10.25,  78805.00, 2070.18, 2052.35,   26.67, 22.4, 4.06, 4.06, 4.03
6, 8069, 5,    14.67, 5,   coast,  -10.25,  78799.00, 2070.79, 2052.96,   26.57, 22.4, 4.06, 4.06, 4.03
6, 8069, 5,    14.68, 5,   coast,  -10.25,  78796.00, 2071.09, 2053.26,   26.46, 22.4, 4.06, 4.08, 4.03
6, 8069, 5,    14.69, 5,   coast,  -10.24,  78790.00, 2071.71, 2053.88,   26.36, 22.4, 4.06, 4.06, 4.03
6, 8069, 5,    14.70, 5,   coast,  -10.24,  78797.00, 2070.99, 2053.16,   26.26, 22.5, 4.06, 4.06, 4.03
6, 8069, 5,    14.71, 5,   coast,  -10.24,  78787.00, 2072.01, 2054.18,   26.16, 22.5, 4.06, 4.06, 4.03
6, 8069, 5,    14.72, 5,   coast,  -10.24,  78788.00, 2071.91, 2054.08,   26.05, 22.5, 4.06, 4.06, 4.03
6, 8069, 5,    14.73, 5,   coast,  -10.24,  78786.00, 2072.11, 2054.28,   25.95, 22.5, 4.06, 4.06, 4.02
6, 8069, 5,    14.74, 5,   coast,  -10.24,  78781.00, 2072.62, 2054.80,   25.85, 22.5, 4.02, 4.06, 4.02
6, 8069, 5,    14.75, 5,   coast,  -10.24,  78781.00, 2072.62, 2054.80,   25.75, 22.5, 4.06, 4.06, 4.03
6, 8069, 5,    14.76, 5,   coast,  -10.24,  78776.00, 2073.13, 2055.31,   25.64, 22.5, 4.05, 4.05, 4.02
6, 8069, 5,    14.77, 5,   coast,  -10.24,  78779.00, 2072.83, 2055.00,   25.54, 22.4, 4.06, 4.06, 4.03
6, 8069, 5,    14.78, 5,   coast,  -10.23,  78777.00, 2073.03, 2055.20,   25.44, 22.4, 4.06, 4.06, 4.03
6, 8069, 5,    14.79, 5,   coast,  -10.23,  78766.00, 2074.16, 2056.33,   25.34, 22.4, 4.06, 4.06, 4.03
6, 8069, 5,    14.80, 5,   coast,  -10.23,  78767.00, 2074.05, 2056.22,   25.23, 22.5, 4.06, 4.08, 4.03
6, 8069, 5,    14.81, 5,   coast,  -10.23,  78763.00, 2074.46, 2056.63,   25.13, 22.5, 4.06, 4.06, 4.03
6, 8069, 5,    14.82, 5,   coast,  -10.23,  78760.00, 2074.77, 2056.94,   25.03, 22.5, 4.06, 4.06, 4.03
6, 8069, 5,    14.83, 5,   coast,  -10.23,  78759.00, 2074.87, 2057.04,   24.93, 22.5, 4.06, 4.06, 4.03
6, 8069, 5,    14.84, 5,   coast,  -10.23,  78756.00, 2075.18, 2057.35,   24.83, 22.5, 4.06, 4.06, 4.03
6, 8069, 5,    14.85, 5,   coast,  -10.23,  78752.00, 2075.58, 2057.76,   24.72, 22.5, 4.03, 4.06, 4.02
6, 8069, 5,    14.86, 5,   coast,  -10.23,  78752.00, 2075.58, 2057.76,   24.62, 22.5, 4.06, 4.06, 4.03
6, 8069, 5,    14.87, 5,   coast,  -10.23,  78754.00, 2075.38, 2057.55,   24.52, 22.5, 4.05, 4.05, 4.00
6, 8069, 5,    14.88, 5,   coast,  -10.23,  78743.00, 2076.50, 2058.67,   24.42, 22.4, 4.06, 4.06, 4.03
6, 8069, 5,    14.89, 5,   coast,  -10.22,  78744.00, 2076.40, 2058.57,   24.31, 22.4, 4.06, 4.06, 4.03
6, 8069, 5,    14.90, 5,   coast,  -10.22,  78746.00, 2076.20, 2058.37,   24.21, 22.4, 4.06, 4.06, 4.03
6, 8069, 5,    14.91, 5,   coast,  -10.22,  78741.00, 2076.71, 2058.88,   24.11, 22.5, 4.06, 4.06, 4.03
6, 8069, 5,    14.92, 5,   coast,  -10.22,  78737.00, 2077.12, 2059.29,   24.01, 22.5, 4.06, 4.06, 4.03
6, 8069, 5,    14.93, 5,   coast,  -10.22,  78731.00, 2077.73, 2059.90,   23.91, 22.5, 4.05, 4.06, 4.02
6, 8069, 5,    14.94, 5,   coast,  -10.22,  78733.00, 2077.52, 2059.70,   23.81, 22.5, 4.06, 4.06, 4.03
6, 8069, 5,    14.95, 5,   coast,  -10.22,  78729.00, 2077.93, 2060.10,   23.70, 22.5, 4.06, 4.06, 4.03
6, 8069, 5,    14.96, 5,   coast,  -10.22,  78732.00, 2077.63, 2059.80,   23.60, 22.5, 4.02, 4.06, 4.02
6, 8069, 5,    14.97, 5,   coast,  -10.22,  78732.00, 2077.63, 2059.80,   23.50, 22.5, 4.06, 4.06, 4.03
6, 8069, 5,    14.98, 5,   coast,  -10.22,  78725.00, 2078.34, 2060.51,   23.40, 22.5, 4.05, 4.06, 4.02
6, 8069, 5,    14.99, 5,   coast,  -10.22,  78718.00, 2079.06, 2061.23,   23.29, 22.4, 4.06, 4.08, 4.03
6, 8069, 5,    15.00, 5,   coast,  -10.22,  78723.00, 2078.55, 2060.72,   23.19, 22.4, 4.06, 4.06, 4.03
6, 8069, 5,    15.01, 5,   coast,  -10.22,  78716.00, 2079.26, 2061.43,   23.09, 22.4, 4.06, 4.06, 4.02
6, 8069, 5,    15.02, 5,   coast,  -10.22,  78713.00, 2079.57, 2061.74,   22.99, 22.5, 4.06, 4.06, 4.03
6, 8069, 5,    15.03, 5,   coast,  -10.22,  78717.00, 2079.16, 2061.33,   22.89, 22.5, 4.06, 4.06, 4.02
6, 8069, 5,    15.04, 5,   coast,  -10.22,  78706.00, 2080.28, 2062.45,   22.78, 22.5, 4.06, 4.06, 4.03
6, 8069, 5,    15.05, 5,   coast,  -10.22,  78709.00, 2079.98, 2062.15,   22.68, 22.5, 4.06, 4.06, 4.03
6, 8069, 5,    15.06, 5,   coast,  -10.22,  78705.00, 2080.38, 2062.55,   22.58, 22.5, 4.06, 4.06, 4.03
6, 8069, 5,    15.07, 5,   coast,  -10.22,  78698.00, 2081.10, 2063.27,   22.48, 22.5, 4.02, 4.06, 4.02
6, 8069, 5,    15.08, 5,   coast,  -10.22,  78698.00, 2081.10, 2063.27,   22.37, 22.5, 4.06, 4.06, 4.03
6, 8069, 5,    15.09, 5,   coast,  -10.22,  78693.00, 2081.61, 2063.78,   22.27, 22.5, 4.05, 4.06, 4.02
6, 8069, 5,    15.10, 5,   coast,  -10.22,  78695.00, 2081.41, 2063.58,   22.17, 22.4, 4.05, 4.06, 4.03
6, 8069, 5,    15.11, 5,   coast,  -10.23,  78696.00, 2081.30, 2063.47,   22.07, 22.4, 4.06, 4.06, 4.03
6, 8069, 5,    15.12, 5,   coast,  -10.23,  78687.00, 2082.22, 2064.39,   21.97, 22.5, 4.06, 4.06, 4.02
6, 8069, 5,    15.13, 5,   coast,  -10.23,  78687.00, 2082.22, 2064.39,   21.86, 22.5, 4.06, 4.06, 4.03
6, 8069, 5,    15.14, 5,   coast,  -10.23,  78684.00, 2082.53, 2064.70,   21.76, 22.5, 4.06, 4.08, 4.03
6, 8069, 5,    15.15, 5,   coast,  -10.23,  78680.00, 2082.94, 2065.11,   21.66, 22.5, 4.06, 4.06, 4.03
6, 8069, 5,    15.16, 5,   coast,  -10.23,  78677.00, 2083.24, 2065.41,   21.56, 22.5, 4.06, 4.08, 4.03
6, 8069, 5,    15.17, 5,   coast,  -10.23,  78678.00, 2083.14, 2065.31,   21.45, 22.5, 4.06, 4.06, 4.03
6, 8069, 5,    15.18, 5,   coast,  -10.23,  78677.00, 2083.24, 2065.41,   21.35, 22.5, 4.02, 4.06, 4.02
6, 8069, 5,    15.19, 5,   coast,  -10.23,  78677.00, 2083.24, 2065.41,   21.25, 22.5, 4.06, 4.08, 4.03
6, 8069, 5,    15.20, 5,   coast,  -10.23,  78678.00, 2083.14, 2065.31,   21.15, 22.5, 4.05, 4.05, 4.02
6, 8069, 5,    15.21, 5,   coast,  -10.23,  78672.00, 2083.75, 2065.93,   21.04, 22.4, 4.06, 4.06, 4.03
6, 8069, 5,    15.22, 5,   coast,  -10.23,  78671.00, 2083.86, 2066.03,   20.94, 22.4, 4.06, 4.08, 4.03
6, 8069, 5,    15.23, 5,   coast,  -10.24,  78665.00, 2084.47, 2066.64,   20.84, 22.5, 4.06, 4.06, 4.03
6, 8069, 5,    15.24, 5,   coast,  -10.24,  78667.00, 2084.27, 2066.44,   20.74, 22.5, 4.06, 4.06, 4.03
6, 8069, 5,    15.25, 5,   coast,  -10.24,  78664.00, 2084.57, 2066.74,   20.64, 22.5, 4.06, 4.06, 4.02
6, 8069, 5,    15.26, 5,   coast,  -10.24,  78662.00, 2084.78, 2066.95,   20.53, 22.5, 4.06, 4.06, 4.03
6, 8069, 5,    15.27, 5,   coast,  -10.24,  78660.00, 2084.98, 2067.15,   20.43, 22.5, 4.06, 4.06, 4.03
6, 8069, 5,    15.28, 5,   coast,  -10.24,  78658.00, 2085.19, 2067.36,   20.33, 22.5, 4.06, 4.06, 4.03
6, 8069, 5,    15.29, 5,   coast,  -10.24,  78657.00, 2085.29, 2067.46,   20.23, 22.5, 4.03, 4.06, 4.02
6, 8069, 5,    15.30, 5,   coast,  -10.24,  78657.00, 2085.29, 2067.46,   20.13, 22.5, 4.06, 4.06, 4.03
6, 8069, 5,    15.31, 5,   coast,  -10.24,  78653.00, 2085.70, 2067.87,   20.03, 22.5, 4.05, 4.06, 4.02
6, 8069, 5,    15.32, 5,   coast,  -10.24,  78649.00, 2086.10, 2068.28,   19.92, 22.4, 4.06, 4.08, 4.03
6, 8069, 5,    15.33, 5,   coast,  -10.25,  78650.00, 2086.00, 2068.17,   19.82, 22.4, 4.06, 4.06, 4.03
6, 8069, 5,    15.34, 5,   coast,  -10.25,  78642.00, 2086.82, 2068.99,   19.72, 22.5, 4.06, 4.06, 4.03
6, 8069, 5,    15.35, 5,   coast,  -10.25,  78644.00, 2086.62, 2068.79,   19.62, 22.5, 4.06, 4.06, 4.03
6, 8069, 5,    15.36, 5,   coast,  -10.25,  78642.00, 2086.82, 2068.99,   19.52, 22.5, 4.06, 4.06, 4.02
6, 8069, 5,    15.37, 5,   coast,  -10.25,  78642.00, 2086.82, 2068.99,   19.41, 22.5, 4.06, 4.06, 4.03
6, 8069, 5,    15.38, 5,   coast,  -10.25,  78639.00, 2087.13, 2069.30,   19.31, 22.5, 4.06, 4.08, 4.03
6, 8069, 5,    15.39, 5,   coast,  -10.25,  78634.00, 2087.64, 2069.81,   19.21, 22.5, 4.06, 4.08, 4.03
6, 8069, 5,    15.40, 5,   coast,  -10.25,  78633.00, 2087.74, 2069.91,   19.10, 22.5, 4.02, 4.06, 4.02
6, 8069, 5,    15.41, 5,   coast,  -10.25,  78633.00, 2087.74, 2069.91,   19.00, 22.5, 4.06, 4.06, 4.02
6, 8069, 5,    15.42, 5,   coast,  -10.25,  78632.00, 2087.84, 2070.01,   18.89, 22.5, 4.06, 4.05, 4.02
6, 8069, 5,    15.43, 5,   coast,  -10.25,  78629.00, 2088.15, 2070.32,   18.79, 22.4, 4.06, 4.06, 4.03
6, 8069, 5,    15.44, 5,   coast,  -10.25,  78620.00, 2089.07, 2071.24,   18.69, 22.4, 4.06, 4.06, 4.03
6, 8069, 5,    15.45, 5,   coast,  -10.25,  78625.00, 2088.56, 2070.73,   18.58, 22.5, 4.06, 4.08, 4.03
6, 8069, 5,    15.46, 5,   coast,  -10.25,  78622.00, 2088.86, 2071.04,   18.48, 22.5, 4.06, 4.08, 4.03
6, 8069, 5,    15.47, 5,   coast,  -10.25,  78621.00, 2088.97, 2071.14,   18.38, 22.5, 4.06, 4.08, 4.03
6, 8069, 5,    15.48, 5,   coast,  -10.25,  78616.00, 2089.48, 2071.65,   18.27, 22.5, 4.06, 4.06, 4.03
6, 8069, 5,    15.49, 5,   coast,  -10.25,  78616.00, 2089.48, 2071.65,   18.17, 22.5, 4.06, 4.06, 4.03
6, 8069, 5,    15.50, 5,   coast,  -10.25,  78610.00, 2090.09, 2072.26,   18.07, 22.5, 4.06, 4.06, 4.03
6, 8069, 5,    15.51, 5,   coast,  -10.25,  78614.00, 2089.68, 2071.85,   17.97, 22.5, 4.02, 4.06, 4.02
6, 8069, 5,    15.52, 5,   coast,  -10.25,  78614.00, 2089.68, 2071.85,   17.86, 22.5, 4.06, 4.08, 4.03
6, 8069, 5,    15.53, 5,   coast,  -10.25,  78616.00, 2089.48, 2071.65,   17.76, 22.5, 4.03, 4.05, 4.02
6, 8069, 5,    15.54, 5,   coast,  -10.25,  78611.00, 2089.99, 2072.16,   17.66, 22.4, 4.06, 4.06, 4.03
6, 8069, 5,    15.55, 5,   coast,  -10.25,  78609.00, 2090.19, 2072.36,   17.56, 22.4, 4.06, 4.06, 4.03
6, 8069, 5,    15.56, 5,   coast,  -10.25,  78603.00, 2090.81, 2072.98,   17.46, 22.5, 4.06, 4.06, 4.03
6, 8069, 5,    15.57, 5,   coast,  -10.25,  78604.00, 2090.70, 2072.88,   17.36, 22.5, 4.06, 4.06, 4.03
6, 8069, 5,    15.58, 5,   coast,  -10.25,  78600.00, 2091.11, 2073.28,   17.25, 22.5, 4.06, 4.08, 4.03
6, 8069, 5,    15.59, 5,   coast,  -10.25,  78600.00, 2091.11, 2073.28,   17.14, 22.5, 4.06, 4.06, 4.03
6, 8069, 5,    15.60, 5,   coast,  -10.25,  78600.00, 2091.11, 2073.28,   17.04, 22.5, 4.06, 4.06, 4.03
6, 8069, 5,    15.61, 5,   coast,  -10.25,  78599.00, 2091.22, 2073.39,   16.94, 22.5, 4.06, 4.06, 4.03
6, 8069, 5,    15.62, 5,   coast,  -10.25,  78597.00, 2091.42, 2073.59,   16.84, 22.5, 4.02, 4.05, 4.02
6, 8069, 5,    15.63, 5,   coast,  -10.25,  78597.00, 2091.42, 2073.59,   16.74, 22.5, 4.06, 4.06, 4.03
6, 8069, 5,    15.64, 5,   coast,  -10.25,  78596.00, 2091.52, 2073.69,   16.64, 22.5, 4.05, 4.05, 4.02
6, 8069, 5,    15.65, 5,   coast,  -10.25,  78592.00, 2091.93, 2074.10,   16.54, 22.4, 4.06, 4.06, 4.03
6, 8069, 5,    15.66, 5,   coast,  -10.25,  78590.00, 2092.14, 2074.31,   16.44, 22.4, 4.06, 4.06, 4.03
6, 8069, 5,    15.67, 5,   coast,  -10.25,  78590.00, 2092.14, 2074.31,   16.34, 22.5, 4.06, 4.08, 4.03
6, 8069, 5,    15.68, 5,   coast,  -10.24,  78586.00, 2092.55, 2074.72,   16.22, 22.5, 4.06, 4.06, 4.02
6, 8069, 5,    15.69, 5,   coast,  -10.24,  78584.00, 2092.75, 2074.92,   16.12, 22.5, 4.06, 4.06, 4.05
6, 8069, 5,    15.70, 5,   coast,  -10.24,  78581.00, 2093.06, 2075.23,   16.02, 22.5, 4.06, 4.06, 4.03
6, 8069, 5,    15.71, 5,   coast,  -10.24,  78580.00, 2093.16, 2075.33,   15.92, 22.5, 4.06, 4.06, 4.03
6, 8069, 5,    15.72, 5,   coast,  -10.24,  78576.00, 2093.57, 2075.74,   15.82, 22.5, 4.06, 4.06, 4.03
6, 8069, 5,    15.73, 5,   coast,  -10.24,  78578.00, 2093.36, 2075.53,   15.72, 22.5, 4.03, 4.06, 4.02
6, 8069, 5,    15.74, 5,   coast,  -10.24,  78578.00, 2093.36, 2075.53,   15.61, 22.5, 4.06, 4.06, 4.03
6, 8069, 5,    15.75, 5,   coast,  -10.24,  78582.00, 2092.95, 2075.13,   15.51, 22.5, 4.05, 4.05, 4.02
6, 8069, 5,    15.76, 5,   coast,  -10.24,  78573.00, 2093.87, 2076.05,   15.41, 22.4, 4.06, 4.06, 4.03
6, 8069, 5,    15.77, 5,   coast,  -10.23,  78573.00, 2093.87, 2076.05,   15.31, 22.5, 4.06, 4.06, 4.03
6, 8069, 5,    15.78, 5,   coast,  -10.23,  78570.00, 2094.18, 2076.35,   15.20, 22.5, 4.06, 4.06, 4.03
6, 8069, 5,    15.79, 5,   coast,  -10.23,  78569.00, 2094.28, 2076.45,   15.10, 22.5, 4.06, 4.06, 4.03
6, 8069, 5,    15.80, 5,   coast,  -10.23,  78567.00, 2094.49, 2076.66,   14.99, 22.5, 4.06, 4.06, 4.03
6, 8069, 5,    15.81, 5,   coast,  -10.23,  78567.00, 2094.49, 2076.66,   14.89, 22.5, 4.06, 4.08, 4.03
6, 8069, 5,    15.82, 5,   coast,  -10.23,  78562.00, 2095.00, 2077.17,   14.79, 22.5, 4.06, 4.06, 4.03
6, 8069, 5,    15.83, 5,   coast,  -10.23,  78560.00, 2095.20, 2077.38,   14.69, 22.5, 4.06, 4.06, 4.03
6, 8069, 5,    15.84, 5,   coast,  -10.22,  78571.00, 2094.08, 2076.25,   14.59, 22.5, 4.02, 4.06, 4.02
6, 8069, 5,    15.85, 5,   coast,  -10.22,  78571.00, 2094.08, 2076.25,   14.49, 22.5, 4.06, 4.06, 4.03
6, 8069, 5,    15.86, 5,   coast,  -10.22,  78563.00, 2094.90, 2077.07,   14.39, 22.5, 4.05, 4.06, 4.02
6, 8069, 5,    15.87, 5,   coast,  -10.22,  78560.00, 2095.20, 2077.38,   14.29, 22.4, 4.06, 4.06, 4.03
6, 8069, 5,    15.88, 5,   coast,  -10.22,  78558.00, 2095.41, 2077.58,   14.17, 22.4, 4.06, 4.06, 4.03
6, 8069, 5,    15.89, 5,   coast,  -10.21,  78551.00, 2096.13, 2078.30,   14.07, 22.5, 4.06, 4.08, 4.03
6, 8069, 5,    15.90, 5,   coast,  -10.21,  78555.00, 2095.72, 2077.89,   13.97, 22.5, 4.06, 4.06, 4.03
6, 8069, 5,    15.91, 5,   coast,  -10.21,  78550.00, 2096.23, 2078.40,   13.87, 22.5, 4.06, 4.06, 4.03
6, 8069, 5,    15.92, 5,   coast,  -10.21,  78553.00, 2095.92, 2078.09,   13.77, 22.5, 4.06, 4.06, 4.03
6, 8069, 5,    15.93, 5,   coast,  -10.20,  78547.00, 2096.53, 2078.71,   13.67, 22.5, 4.06, 4.06, 4.03
6, 8069, 5,    15.94, 5,   coast,  -10.20,  78547.00, 2096.53, 2078.71,   13.56, 22.5, 4.06, 4.06, 4.03
6, 8069, 5,    15.95, 5,   coast,  -10.20,  78546.00, 2096.64, 2078.81,   13.46, 22.5, 4.02, 4.06, 4.02
6, 8069, 5,    15.96, 5,   coast,  -10.20,  78546.00, 2096.64, 2078.81,   13.36, 22.5, 4.06, 4.06, 4.03
6, 8069, 5,    15.97, 5,   coast,  -10.19,  78546.00, 2096.64, 2078.81,   13.26, 22.5, 4.05, 4.05, 4.02
6, 8069, 5,    15.98, 5,   coast,  -10.19,  78542.00, 2097.05, 2079.22,   13.15, 22.4, 4.06, 4.06, 4.03
6, 8069, 5,    15.99, 5,   coast,  -10.19,  78545.00, 2096.74, 2078.91,   13.05, 22.5, 4.06, 4.06, 4.03
6, 8069, 5,    16.00, 5,   coast,  -10.19,  78540.00, 2097.25, 2079.42,   12.95, 22.5, 4.06, 4.06, 4.03
6, 8069, 5,    16.01, 5,   coast,  -10.18,  78539.00, 2097.35, 2079.52,   12.85, 22.5, 4.06, 4.06, 4.03
6, 8069, 5,    16.02, 5,   coast,  -10.18,  78536.00, 2097.66, 2079.83,   12.75, 22.5, 4.06, 4.06, 4.03
6, 8069, 5,    16.03, 5,   coast,  -10.18,  78537.00, 2097.56, 2079.73,   12.65, 22.5, 4.06, 4.08, 4.03
6, 8069, 5,    16.04, 5,   coast,  -10.17,  78528.00, 2098.48, 2080.65,   12.55, 22.5, 4.06, 4.06, 4.03
6, 8069, 5,    16.05, 5,   coast,  -10.17,  78533.00, 2097.97, 2080.14,   12.45, 22.5, 4.06, 4.06, 4.02
6, 8069, 5,    16.06, 5,   coast,  -10.17,  78531.00, 2098.17, 2080.34,   12.35, 22.5, 4.02, 4.05, 4.02
6, 8069, 5,    16.07, 5,   coast,  -10.16,  78531.00, 2098.17, 2080.34,   12.25, 22.5, 4.06, 4.06, 4.03
6, 8069, 5,    16.08, 5,   coast,  -10.16,  78534.00, 2097.86, 2080.04,   12.14, 22.5, 4.05, 4.05, 4.02
6, 8069, 5,    16.09, 5,   coast,  -10.16,  78528.00, 2098.48, 2080.65,   12.03, 22.5, 4.06, 4.06, 4.03
6, 8069, 5,    16.10, 5,   coast,  -10.15,  78525.00, 2098.79, 2080.96,   11.93, 22.5, 4.06, 4.06, 4.03
6, 8069, 5,    16.11, 5,   coast,  -10.15,  78532.00, 2098.07, 2080.24,   11.83, 22.5, 4.05, 4.06, 4.03
6, 8069, 5,    16.12, 5,   coast,  -10.15,  78525.00, 2098.79, 2080.96,   11.73, 22.5, 4.06, 4.06, 4.03
6, 8069, 5,    16.13, 5,   coast,  -10.14,  78526.00, 2098.68, 2080.85,   11.63, 22.5, 4.06, 4.06, 4.03
6, 8069, 5,    16.14, 5,   coast,  -10.14,  78520.00, 2099.30, 2081.47,   11.53, 22.5, 4.06, 4.08, 4.03
6, 8069, 5,    16.15, 5,   coast,  -10.13,  78524.00, 2098.89, 2081.06,   11.43, 22.5, 4.05, 4.06, 4.02
6, 8069, 5,    16.16, 5,   coast,  -10.13,  78521.00, 2099.19, 2081.37,   11.33, 22.5, 4.06, 4.06, 4.03
6, 8069, 5,    16.17, 5,   coast,  -10.13,  78523.00, 2098.99, 2081.16,   11.23, 22.5, 4.02, 4.06, 4.02
6, 8069, 5,    16.18, 5,   coast,  -10.12,  78523.00, 2098.99, 2081.16,   11.12, 22.5, 4.06, 4.06, 4.03
6, 8069, 5,    16.19, 5,   coast,  -10.12,  78519.00, 2099.40, 2081.57,   11.02, 22.5, 4.05, 4.05, 4.02
6, 8069, 5,    16.20, 5,   coast,  -10.11,  78515.00, 2099.81, 2081.98,   10.92, 22.4, 4.06, 4.06, 4.03
6, 8069, 5,    16.21, 5,   coast,  -10.11,  78516.00, 2099.71, 2081.88,   10.82, 22.4, 4.06, 4.06, 4.03
6, 8069, 5,    16.22, 5,   coast,  -10.10,  78510.00, 2100.32, 2082.49,   10.72, 22.5, 4.06, 4.06, 4.03
6, 8069, 5,    16.23, 5,   coast,  -10.10,  78513.00, 2100.01, 2082.18,   10.62, 22.5, 4.06, 4.06, 4.03
6, 8069, 5,    16.24, 5,   coast,  -10.10,  78510.00, 2100.32, 2082.49,   10.52, 22.5, 4.06, 4.06, 4.03
6, 8069, 5,    16.25, 5,   coast,  -10.09,  78512.00, 2100.12, 2082.29,   10.42, 22.5, 4.06, 4.06, 4.03
6, 8069, 5,    16.26, 5,   coast,  -10.09,  78505.00, 2100.83, 2083.00,   10.32, 22.5, 4.06, 4.08, 4.03
6, 8069, 5,    16.27, 5,   coast,  -10.08,  78509.00, 2100.42, 2082.59,   10.22, 22.5, 4.06, 4.06, 4.03
6, 8069, 5,    16.28, 5,   coast,  -10.08,  78506.00, 2100.73, 2082.90,   10.11, 22.5, 4.02, 4.06, 4.02
6, 8069, 5,    16.29, 5,   coast,  -10.07,  78506.00, 2100.73, 2082.90,   10.01, 22.5, 4.06, 4.06, 4.03
6, 8069, 5,    16.30, 5,   coast,  -10.07,  78510.00, 2100.32, 2082.49,    9.91, 22.5, 4.05, 4.06, 4.02
6, 8069, 5,    16.31, 5,   coast,  -10.06,  78506.00, 2100.73, 2082.90,    9.81, 22.4, 4.06, 4.06, 4.02
6, 8069, 5,    16.32, 5,   coast,  -10.06,  78509.00, 2100.42, 2082.59,    9.71, 22.5, 4.06, 4.06, 4.03
6, 8069, 5,    16.33, 5,   coast,  -10.05,  78504.00, 2100.93, 2083.11,    9.61, 22.5, 4.06, 4.06, 4.03
6, 8069, 5,    16.34, 5,   coast,  -10.05,  78506.00, 2100.73, 2082.90,    9.51, 22.5, 4.06, 4.06, 4.03
6, 8069, 5,    16.35, 5,   coast,  -10.04,  78500.00, 2101.34, 2083.51,    9.41, 22.5, 4.06, 4.08, 4.03
6, 8069, 5,    16.36, 5,   coast,  -10.04,  78496.00, 2101.75, 2083.92,    9.31, 22.5, 4.06, 4.06, 4.03
6, 8069, 5,    16.37, 5,   coast,  -10.03,  78503.00, 2101.04, 2083.21,    9.21, 22.5, 4.06, 4.08, 4.03
6, 8069, 5,    16.38, 5,   coast,  -10.03,  78501.00, 2101.24, 2083.41,    9.10, 22.5, 4.06, 4.06, 4.03
6, 8069, 5,    16.39, 5,   coast,  -10.02,  78502.00, 2101.14, 2083.31,    9.00, 22.5, 4.02, 4.05, 4.02
6, 8069, 5,    16.40, 5,   coast,  -10.02,  78502.00, 2101.14, 2083.31,    8.90, 22.5, 4.06, 4.06, 4.03
6, 8069, 5,    16.41, 5,   coast,  -10.01,  78495.00, 2101.86, 2084.03,    8.80, 22.5, 4.05, 4.06, 4.02
6, 8069, 5,    16.42, 5,   coast,  -10.01,  78495.00, 2101.86, 2084.03,    8.70, 22.5, 4.06, 4.08, 4.03
6, 8069, 5,    16.43, 5,   coast,  -10.00,  78495.00, 2101.86, 2084.03,    8.60, 22.5, 4.06, 4.06, 4.03
6, 8069, 5,    16.44, 5,   coast,  -10.00,  78497.00, 2101.65, 2083.82,    8.50, 22.5, 4.06, 4.06, 4.03
6, 8069, 5,    16.45, 5,   coast,   -9.99,  78497.00, 2101.65, 2083.82,    8.40, 22.5, 4.06, 4.06, 4.03
6, 8069, 5,    16.46, 5,   coast,   -9.99,  78493.00, 2102.06, 2084.23,    8.30, 22.5, 4.06, 4.06, 4.03
6, 8069, 5,    16.47, 5,   coast,   -9.98,  78487.00, 2102.67, 2084.85,    8.20, 22.5, 4.06, 4.06, 4.03
6, 8069, 5,    16.48, 5,   coast,   -9.98,  78493.00, 2102.06, 2084.23,    8.10, 22.5, 4.06, 4.06, 4.03
6, 8069, 5,    16.49, 5,   coast,   -9.97,  78488.00, 2102.57, 2084.74,    8.00, 22.5, 4.06, 4.06, 4.03
6, 8069, 5,    16.50, 5,   coast,   -9.96,  78493.00, 2102.06, 2084.23,    7.90, 22.5, 4.02, 4.05, 4.02
6, 8069, 5,    16.51, 5,   coast,   -9.96,  78493.00, 2102.06, 2084.23,    7.80, 22.5, 4.06, 4.06, 4.03
6, 8069, 5,    16.52, 5,   coast,   -9.95,  78487.00, 2102.67, 2084.85,    7.70, 22.5, 4.03, 4.06, 4.02
6, 8069, 5,    16.53, 5,   coast,   -9.95,  78485.00, 2102.88, 2085.05,    7.60, 22.5, 4.06, 4.06, 4.03
6, 8069, 5,    16.54, 5,   coast,   -9.94,  78482.00, 2103.19, 2085.36,    7.50, 22.5, 4.06, 4.06, 4.03
6, 8069, 5,    16.55, 5,   coast,   -9.94,  78485.00, 2102.88, 2085.05,    7.40, 22.5, 4.06, 4.08, 4.03
6, 8069, 5,    16.56, 5,   coast,   -9.93,  78486.00, 2102.78, 2084.95,    7.31, 22.5, 4.06, 4.06, 4.03
6, 8069, 5,    16.57, 5,   coast,   -9.92,  78484.00, 2102.98, 2085.15,    7.21, 22.5, 4.06, 4.08, 4.03
6, 8069, 5,    16.58, 5,   coast,   -9.92,  78484.00, 2102.98, 2085.15,    7.11, 22.5, 4.06, 4.06, 4.03
6, 8069, 5,    16.59, 5,   coast,   -9.91,  78480.00, 2103.39, 2085.56,    7.01, 22.5, 4.06, 4.08, 4.03
6, 8069, 5,    16.60, 5,   coast,   -9.91,  78481.00, 2103.29, 2085.46,    6.91, 22.5, 4.06, 4.06, 4.02
6, 8069, 5,    16.61, 5,   coast,   -9.90,  78482.00, 2103.19, 2085.36,    6.81, 22.5, 4.02, 4.06, 4.02
6, 8069, 5,    16.62, 5,   coast,   -9.90,  78482.00, 2103.19, 2085.36,    6.71, 22.5, 4.06, 4.08, 4.03
6, 8069, 5,    16.63, 5,   coast,   -9.89,  78486.00, 2102.78, 2084.95,    6.61, 22.5, 4.05, 4.05, 4.02
6, 8069, 5,    16.64, 5,   coast,   -9.88,  78486.00, 2102.78, 2084.95,    6.51, 22.5, 4.06, 4.06, 4.03
6, 8069, 5,    16.65, 5,   coast,   -9.88,  78478.00, 2103.60, 2085.77,    6.42, 22.5, 4.06, 4.06, 4.03
6, 8069, 5,    16.66, 5,   coast,   -9.87,  78482.00, 2103.19, 2085.36,    6.32, 22.5, 4.06, 4.06, 4.03
6, 8069, 5,    16.67, 5,   coast,   -9.87,  78477.00, 2103.70, 2085.87,    6.22, 22.5, 4.06, 4.06, 4.03
6, 8069, 5,    16.68, 5,   coast,   -9.86,  78472.00, 2104.21, 2086.38,    6.12, 22.5, 4.06, 4.06, 4.03
6, 8069, 5,    16.69, 5,   coast,   -9.86,  78480.00, 2103.39, 2085.56,    6.02, 22.5, 4.06, 4.06, 4.03
6, 8069, 5,    16.70, 5,   coast,   -9.85,  78478.00, 2103.60, 2085.77,    5.92, 22.5, 4.06, 4.06, 4.03
6, 8069, 5,    16.71, 5,   coast,   -9.84,  78479.00, 2103.49, 2085.66,    5.82, 22.5, 4.06, 4.06, 4.03
6, 8069, 5,    16.72, 5,   coast,   -9.84,  78476.00, 2103.80, 2085.97,    5.72, 22.5, 4.02, 4.05, 4.02
6, 8069, 5,    16.73, 5,   coast,   -9.83,  78476.00, 2103.80, 2085.97,    5.63, 22.5, 4.06, 4.06, 4.03
6, 8069, 5,    16.74, 5,   coast,   -9.83,  78474.00, 2104.01, 2086.18,    5.53, 22.5, 4.05, 4.05, 4.02
6, 8069, 5,    16.75, 5,   coast,   -9.82,  78471.00, 2104.31, 2086.48,    5.43, 22.4, 4.06, 4.06, 4.03
6, 8069, 5,    16.76, 5,   coast,   -9.82,  78473.00, 2104.11, 2086.28,    5.33, 22.5, 4.06, 4.06, 4.03
6, 8069, 5,    16.77, 5,   coast,   -9.81,  78476.00, 2103.80, 2085.97,    5.23, 22.5, 4.06, 4.06, 4.03
6, 8069, 5,    16.78, 5,   coast,   -9.81,  78470.00, 2104.41, 2086.59,    5.13, 22.5, 4.06, 4.06, 4.03
6, 8069, 5,    16.79, 5,   coast,   -9.80,  78469.00, 2104.52, 2086.69,    5.04, 22.5, 4.06, 4.06, 4.02
6, 8069, 5,    16.80, 5,   coast,   -9.79,  78471.00, 2104.31, 2086.48,    4.94, 22.5, 4.06, 4.08, 4.05
6, 8069, 5,    16.81, 5,   coast,   -9.79,  78471.00, 2104.31, 2086.48,    4.84, 22.5, 4.06, 4.06, 4.03
6, 8069, 5,    16.82, 5,   coast,   -9.78,  78470.00, 2104.41, 2086.59,    4.74, 22.5, 4.06, 4.06, 4.03
6, 8069, 5,    16.83, 5,   coast,   -9.78,  78467.00, 2104.72, 2086.89,    4.65, 22.5, 4.02, 4.06, 4.02
6, 8069, 5,    16.84, 5,   coast,   -9.77,  78467.00, 2104.72, 2086.89,    4.55, 22.5, 4.05, 4.06, 4.03
6, 8069, 5,    16.85, 5,   coast,   -9.77,  78472.00, 2104.21, 2086.38,    4.45, 22.5, 4.05, 4.05, 4.02
6, 8069, 5,    16.86, 5,   coast,   -9.76,  78468.00, 2104.62, 2086.79,    4.35, 22.5, 4.06, 4.06, 4.03
6, 8069, 5,    16.87, 5,   coast,   -9.76,  78470.00, 2104.41, 2086.59,    4.26, 22.5, 4.06, 4.06, 4.03
6, 8069, 5,    16.88, 5,   coast,   -9.76,  78465.00, 2104.93, 2087.10,    4.16, 22.5, 4.06, 4.08, 4.03
6, 8069, 5,    16.89, 5,   coast,   -9.76,  78463.00, 2105.13, 2087.30,    4.06, 22.5, 4.05, 4.06, 4.03
6, 8069, 5,    16.90, 5,   coast,   -9.77,  78468.00, 2104.62, 2086.79,    3.96, 22.5, 4.06, 4.06, 4.03
6, 8069, 5,    16.91, 5,   coast,   -9.78,  78467.00, 2104.72, 2086.89,    3.87, 22.5, 4.06, 4.06, 4.03
6, 8069, 5,    16.92, 5,   coast,   -9.80,  78463.00, 2105.13, 2087.30,    3.77, 22.5, 4.06, 4.06, 4.03
6, 8069, 5,    16.93, 5,   coast,   -9.82,  78460.00, 2105.44, 2087.61,    3.67, 22.5, 4.06, 4.06, 4.03
6, 8069, 5,    16.94, 5,   coast,   -9.85,  78462.00, 2105.23, 2087.40,    3.57, 22.5, 4.02, 4.05, 4.02
6, 8069, 5,    16.95, 5,   coast,   -9.88,  78462.00, 2105.23, 2087.40,    3.48, 22.5, 4.05, 4.06, 4.03
6, 8069, 5,    16.96, 5,   coast,   -9.91,  78465.00, 2104.93, 2087.10,    3.38, 22.5, 4.05, 4.05, 4.02
6, 8069, 5,    16.97, 5,   coast,   -9.94,  78463.00, 2105.13, 2087.30,    3.28, 22.5, 4.06, 4.08, 4.03
6, 8069, 5,    16.98, 5,   coast,   -9.79,  78464.00, 2105.03, 2087.20,    3.19, 22.5, 4.06, 4.06, 4.03
6, 8069, 5,    16.99, 5,   coast,   -9.79,  78463.00, 2105.13, 2087.30,    3.09, 22.5, 4.06, 4.06, 4.03
6, 8069, 5,    17.00, 5,   coast,   -9.81,  78470.00, 2104.41, 2086.59,    2.99, 22.5, 4.06, 4.06, 4.03
6, 8069, 5,    17.01, 5,   coast,   -9.82,  78463.00, 2105.13, 2087.30,    2.89, 22.5, 4.06, 4.06, 4.03
6, 8069, 5,    17.02, 5,   coast,   -9.85,  78465.00, 2104.93, 2087.10,    2.80, 22.5, 4.06, 4.06, 4.03
6, 8069, 5,    17.03, 5,   coast,   -9.87,  78459.00, 2105.54, 2087.71,    2.70, 22.5, 4.06, 4.08, 4.03
6, 8069, 5,    17.04, 5,   coast,   -9.90,  78461.00, 2105.34, 2087.51,    2.60, 22.5, 4.06, 4.06, 4.03
6, 8069, 5,    17.05, 5,   coast,   -9.94,  78461.00, 2105.34, 2087.51,    2.51, 22.5, 4.02, 4.06, 4.02
6, 8069, 5,    17.06, 5,   coast,   -9.98,  78461.00, 2105.34, 2087.51,    2.41, 22.5, 4.06, 4.06, 4.03
6, 8069, 5,    17.07, 5,   coast,  -10.02,  78464.00, 2105.03, 2087.20,    2.31, 22.5, 4.05, 4.05, 4.02
6, 8069, 5,    17.08, 5,   coast,   -9.87,  78468.00, 2104.62, 2086.79,    2.22, 22.5, 4.06, 4.06, 4.03
6, 8069, 5,    17.09, 5,   coast,   -9.88,  78462.00, 2105.23, 2087.40,    2.12, 22.5, 4.06, 4.06, 4.03
6, 8069, 5,    17.10, 5,   coast,   -9.90,  78459.00, 2105.54, 2087.71,    2.03, 22.5, 4.06, 4.08, 4.03
6, 8069, 5,    17.11, 5,   coast,   -9.93,  78457.00, 2105.75, 2087.92,    1.93, 22.5, 4.05, 4.06, 4.03
6, 8069, 5,    17.12, 5,   coast,   -9.96,  78462.00, 2105.23, 2087.40,    1.83, 22.5, 4.06, 4.08, 4.03
6, 8069, 5,    17.13, 5,   coast,   -9.99,  78463.00, 2105.13, 2087.30,    1.74, 22.5, 4.06, 4.08, 4.03
6, 8069, 5,    17.14, 5,   coast,  -10.03,  78460.00, 2105.44, 2087.61,    1.64, 22.5, 4.06, 4.08, 4.03
6, 8069, 5,    17.15, 5,   coast,  -10.08,  78460.00, 2105.44, 2087.61,    1.54, 22.5, 4.06, 4.06, 4.02
6, 8069, 5,    17.16, 5,   coast,  -10.12,  78462.00, 2105.23, 2087.40,    1.45, 22.5, 4.02, 4.06, 4.02
6, 8069, 5,    17.17, 5,   coast,  -10.17,  78462.00, 2105.23, 2087.40,    1.35, 22.5, 4.06, 4.06, 4.03
6, 8069, 5,    17.18, 5,   coast,  -10.04,  78468.00, 2104.62, 2086.79,    1.26, 22.5, 4.05, 4.05, 4.02
6, 8069, 5,    17.19, 5,   coast,  -10.06,  78459.00, 2105.54, 2087.71,    1.16, 22.5, 4.06, 4.06, 4.03
6, 8069, 5,    17.20, 5,   coast,  -10.09,  78453.00, 2106.16, 2088.33,    1.06, 22.5, 4.06, 4.08, 4.05
6, 8069, 5,    17.21, 5,   coast,  -10.12,  78458.00, 2105.64, 2087.81,    0.97, 22.5, 4.06, 4.06, 4.03
6, 8069, 5,    17.22, 5,   coast,  -10.16,  78455.00, 2105.95, 2088.12,    0.87, 22.5, 4.06, 4.06, 4.03
6, 8069, 5,    17.23, 5,   coast,  -10.20,  78461.00, 2105.34, 2087.51,    0.78, 22.5, 4.06, 4.06, 4.02
6, 8069, 5,    17.24, 5,   coast,  -10.25,  78459.00, 2105.54, 2087.71,    0.68, 22.5, 4.06, 4.06, 4.03
6, 8069, 5,    17.25, 5,   coast,  -10.30,  78457.00, 2105.75, 2087.92,    0.58, 22.5, 4.05, 4.06, 4.03
6, 8069, 5,    17.26, 5,   coast,  -10.35,  78453.00, 2106.16, 2088.33,    0.49, 22.5, 4.06, 4.06, 4.03
6, 8069, 5,    17.27, 5,   coast,  -10.40,  78451.00, 2106.36, 2088.53,    0.39, 22.5, 4.02, 4.06, 4.02
6, 8069, 5,    17.28, 5,   coast,  -10.27,  78451.00, 2106.36, 2088.53,    0.30, 22.5, 4.06, 4.06, 4.03
6, 8069, 5,    17.29, 5,   coast,  -10.29,  78459.00, 2105.54, 2087.71,    0.20, 22.5, 4.05, 4.05, 4.02
6, 8069, 5,    17.30, 5,   coast,  -10.32,  78457.00, 2105.75, 2087.92,    0.10, 22.5, 4.06, 4.06, 4.03
6, 8069, 5,    17.31, 5,   coast,  -10.35,  78453.00, 2106.16, 2088.33,    0.01, 22.5, 4.06, 4.06, 4.02
6, 8069, 5,    17.32, 5,   coast,  -10.39,  78452.00, 2106.26, 2088.43,   -0.09, 22.5, 4.06, 4.08, 4.03
6, 8069, 5,    17.33, 5,   coast,  -10.42,  78454.00, 2106.05, 2088.22,   -0.18, 22.5, 4.06, 4.06, 4.03
6, 8069, 5,    17.34, 5,   coast,  -10.46,  78457.00, 2105.75, 2087.92,   -0.28, 22.5, 4.06, 4.06, 4.03
6, 8069, 5,    17.35, 5,   coast,  -10.50,  78460.00, 2105.44, 2087.61,   -0.38, 22.5, 4.06, 4.06, 4.03
6, 8069, 5,    17.36, 5,   coast,  -10.55,  78459.00, 2105.54, 2087.71,   -0.47, 22.5, 4.06, 4.06, 4.03
6, 8069, 5,    17.37, 5,   coast,  -10.59,  78456.00, 2105.85, 2088.02,   -0.57, 22.5, 0.00, 4.08, 4.02
6, 8069, 5,    17.38, 6,  drogue,  -10.52,  78498.00, 2101.55, 2083.72,   -1.10, 22.5, 0.00, 4.09, 4.02
6, 8069, 5,    17.38, 6,  drogue,  -10.52,  78498.00, 2101.55, 2083.72,   -1.10, 22.5, 0.00, 4.09, 4.02
6, 8069, 5,    17.48, 6,  drogue,  -10.41,  78466.00, 2104.82, 2087.00,   -2.06, 22.5, 3.00, 4.06, 4.02
6, 8069, 5,    17.58, 6,  drogue,  -10.12,  78454.00, 2106.05, 2088.22,   -3.02, 22.5, 2.46, 4.06, 4.03
6, 8069, 5,    17.68, 6,  drogue,   -9.82,  78462.00, 2105.23, 2087.40,   -3.98, 22.5, 2.17, 4.05, 4.05
6, 8069, 5,    17.78, 6,  drogue,   -9.66,  78470.00, 2104.41, 2086.59,   -4.95, 22.5, 1.99, 4.06, 4.02
6, 8069, 5,    17.88, 6,  drogue,   -9.70,  78477.00, 2103.70, 2085.87,   -5.91, 22.5, 1.91, 4.06, 4.03
6, 8069, 5,    17.98, 6,  drogue,   -9.73,  78477.00, 2103.70, 2085.87,   -6.88, 22.5, 1.82, 4.06, 4.03
6, 8069, 5,    18.08, 6,  drogue,   -9.75,  78488.00, 2102.57, 2084.74,   -7.86, 22.6, 1.76, 4.06, 4.03
6, 8069, 5,    18.18, 6,  drogue,   -9.77,  78492.00, 2102.16, 2084.33,   -8.83, 22.6, 1.73, 4.06, 4.03
6, 8069, 5,    18.28, 6,  drogue,   -9.78,  78503.00, 2101.04, 2083.21,   -9.81, 22.6, 1.67, 4.06, 4.02
6, 8069, 5,    18.38, 6,  drogue,   -9.77,  78516.00, 2099.71, 2081.88,  -10.79, 22.6, 1.64, 4.05, 4.02
6, 8069, 5,    18.48, 6,  drogue,   -9.76,  78523.00, 2098.99, 2081.16,  -11.77, 22.6, 1.56, 4.05, 4.00
6, 8069, 5,    18.58, 6,  drogue,   -9.74,  78530.00, 2098.27, 2080.44,  -12.75, 22.6, 1.55, 4.06, 4.02
6, 8069, 5,    18.68, 6,  drogue,   -9.72,  78546.00, 2096.64, 2078.81,  -13.72, 22.6, 1.52, 4.06, 4.02
6, 8069, 5,    18.78, 6,  drogue,   -9.68,  78558.00, 2095.41, 2077.58,  -14.69, 22.6, 1.49, 4.05, 4.02
6, 8069, 5,    18.88, 6,  drogue,   -9.64,  78574.00, 2093.77, 2075.94,  -15.66, 22.6, 1.46, 4.06, 4.02
6, 8069, 5,    18.98, 6,  drogue,   -9.60,  78592.00, 2091.93, 2074.10,  -16.63, 22.6, 1.42, 4.06, 4.02
6, 8069, 5,    19.08, 6,  drogue,   -9.55,  78604.00, 2090.70, 2072.88,  -17.59, 22.6, 1.39, 4.05, 4.02
6, 8069, 5,    19.18, 6,  drogue,   -9.49,  78622.00, 2088.86, 2071.04,  -18.55, 22.6, 1.38, 4.06, 4.02
6, 8069, 5,    19.28, 6,  drogue,   -9.42,  78641.00, 2086.92, 2069.09,  -19.49, 22.6, 1.36, 4.06, 4.02
6, 8069, 5,    19.38, 6,  drogue,   -9.35,  78665.00, 2084.47, 2066.64,  -20.45, 22.6, 1.35, 4.06, 4.02
6, 8069, 5,    19.48, 6,  drogue,   -9.29,  78683.00, 2082.63, 2064.80,  -21.38, 22.6, 1.35, 4.06, 4.03
6, 8069, 5,    19.58, 6,  drogue,   -9.23,  78702.00, 2080.69, 2062.86,  -22.30, 22.6, 1.29, 4.05, 4.02
6, 8069, 5,    19.68, 6,  drogue,   -9.18,  78727.00, 2078.14, 2060.31,  -23.22, 22.6, 1.33, 4.06, 4.03
6, 8069, 5,    19.78, 6,  drogue,   -9.14,  78752.00, 2075.58, 2057.76,  -24.14, 22.6, 1.30, 4.06, 4.03
6, 8069, 5,    19.88, 6,  drogue,   -9.12,  78769.00, 2073.85, 2056.02,  -25.05, 22.6, 1.29, 4.06, 4.03
6, 8069, 5,    19.98, 6,  drogue,   -9.10,  78800.00, 2070.69, 2052.86,  -25.96, 22.6, 1.27, 4.08, 4.03
6, 8069, 5,    20.08, 6,  drogue,   -9.09,  78820.00, 2068.64, 2050.82,  -26.87, 22.6, 1.30, 4.06, 4.03
6, 8069, 5,    20.18, 6,  drogue,   -9.08,  78847.00, 2065.89, 2048.06,  -27.78, 22.6, 1.29, 4.06, 4.03
6, 8069, 5,    20.28, 6,  drogue,   -9.08,  78880.00, 2062.53, 2044.70,  -28.68, 22.6, 1.27, 4.06, 4.03
6, 8069, 5,    20.38, 6,  drogue,   -9.08,  78905.00, 2059.98, 2042.15,  -29.59, 22.6, 1.29, 4.06, 4.03
6, 8069, 5,    20.48, 6,  drogue,   -9.07,  78930.00, 2057.43, 2039.60,  -30.50, 22.6, 1.27, 4.06, 4.03
6, 8069, 5,    20.58, 6,  drogue,   -9.07,  78960.00, 2054.37, 2036.54,  -31.41, 22.6, 1.29, 4.06, 4.03
6, 8069, 5,    20.68, 6,  drogue,   -9.07,  78989.00, 2051.42, 2033.59,  -32.31, 22.6, 1.26, 4.05, 4.02
6, 8069, 5,    20.78, 6,  drogue,   -9.07,  79026.00, 2047.65, 2029.82,  -33.22, 22.6, 1.27, 4.06, 4.03
6, 8069, 5,    20.88, 6,  drogue,   -9.07,  79059.00, 2044.29, 2026.46,  -34.13, 22.6, 1.27, 4.06, 4.02
6, 8069, 5,    20.98, 6,  drogue,   -9.06,  79091.00, 2041.04, 2023.21,  -35.04, 22.6, 1.27, 4.06, 4.03
6, 8069, 5,    21.08, 6,  drogue,   -9.05,  79125.00, 2037.58, 2019.75,  -35.94, 22.6, 1.24, 4.06, 4.03
6, 8069, 5,    21.18, 6,  drogue,   -9.03,  79163.00, 2033.71, 2015.89,  -36.85, 22.6, 1.26, 4.06, 4.03
6, 8069, 5,    21.28, 6,  drogue,   -9.00,  79194.00, 2030.56, 2012.73,  -37.75, 22.6, 1.27, 4.06, 4.03
6, 8069, 5,    21.38, 6,  drogue,   -8.97,  79234.00, 2026.50, 2008.67,  -38.65, 22.6, 1.26, 4.08, 4.03
6, 8069, 5,    21.48, 6,  drogue,   -8.93,  79272.00, 2022.64, 2004.81,  -39.55, 22.6, 1.24, 4.06, 4.03
6, 8069, 5,    21.58, 6,  drogue,   -8.89,  79311.00, 2018.68, 2000.85,  -40.44, 22.6, 1.26, 4.06, 4.03
6, 8069, 5,    21.68, 6,  drogue,   -8.84,  79350.00, 2014.72, 1996.89,  -41.33, 22.6, 1.24, 4.06, 4.02
6, 8069, 5,    21.78, 6,  drogue,   -8.79,  79396.00, 2010.06, 1992.23,  -42.22, 22.6, 1.20, 4.05, 4.02
6, 8069, 5,    21.88, 6,  drogue,   -8.74,  79434.00, 2006.20, 1988.37,  -43.10, 22.6, 1.24, 4.06, 4.03
6, 8069, 5,    21.98, 6,  drogue,   -8.69,  79473.00, 2002.25, 1984.42,  -43.97, 22.6, 1.24, 4.06, 4.03
6, 8069, 5,    22.08, 6,  drogue,   -8.64,  79524.00, 1997.08, 1979.25,  -44.84, 22.6, 1.24, 4.08, 4.03
6, 8069, 5,    22.18, 6,  drogue,   -8.59,  79564.00, 1993.03, 1975.20,  -45.70, 22.6, 1.24, 4.06, 4.03
6, 8069, 5,    22.28, 6,  drogue,   -8.54,  79613.00, 1988.07, 1970.24,  -46.57, 22.6, 1.24, 4.06, 4.03
6, 8069, 5,    22.38, 6,  drogue,   -8.50,  79658.00, 1983.52, 1965.69,  -47.42, 22.6, 1.24, 4.06, 4.03
6, 8069, 5,    22.48, 6,  drogue,   -8.46,  79705.00, 1978.77, 1960.94,  -48.27, 22.6, 1.24, 4.06, 4.03
6, 8069, 5,    22.58, 6,  drogue,   -8.43,  79751.00, 1974.12, 1956.29,  -49.11, 22.6, 1.24, 4.06, 4.03
6, 8069, 5,    22.68, 6,  drogue,   -8.41,  79797.00, 1969.47, 1951.64,  -49.95, 22.6, 1.23, 4.06, 4.03
6, 8069, 5,    22.78, 6,  drogue,   -8.38,  79847.00, 1964.42, 1946.59,  -50.79, 22.6, 1.23, 4.06, 4.03
6, 8069, 5,    22.88, 6,  drogue,   -8.35,  79898.00, 1959.28, 1941.45,  -51.63, 22.6, 1.20, 4.05, 4.02
6, 8069, 5,    22.98, 6,  drogue,   -8.32,  79949.00, 1954.13, 1936.30,  -52.47, 22.6, 1.23, 4.06, 4.03
6, 8069, 5,    23.08, 6,  drogue,   -8.30,  80010.00, 1947.98, 1930.15,  -53.30, 22.6, 1.24, 4.08, 4.03
6, 8069, 5,    23.18, 6,  drogue,   -8.28,  80055.00, 1943.45, 1925.62,  -54.13, 22.6, 1.23, 4.06, 4.02
6, 8069, 5,    23.28, 6,  drogue,   -8.27,  80111.00, 1937.81, 1919.98,  -54.95, 22.6, 1.23, 4.06, 4.03
6, 8069, 5,    23.38, 6,  drogue,   -8.26,  80161.00, 1932.77, 1914.94,  -55.78, 22.6, 1.21, 4.06, 4.03
6, 8069, 5,    23.48, 6,  drogue,   -8.24,  80221.00, 1926.74, 1908.91,  -56.61, 22.6, 1.23, 4.06, 4.03
6, 8069, 5,    23.58, 6,  drogue,   -8.22,  80279.00, 1920.91, 1903.08,  -57.43, 22.6, 1.23, 4.06, 4.03
6, 8069, 5,    23.68, 6,  drogue,   -8.20,  80334.00, 1915.38, 1897.55,  -58.26, 22.6, 1.23, 4.08, 4.03
6, 8069, 5,    23.78, 6,  drogue,   -8.17,  80391.00, 1909.66, 1891.83,  -59.08, 22.6, 1.21, 4.06, 4.03
6, 8069, 5,    23.88, 6,  drogue,   -8.14,  80449.00, 1903.83, 1886.00,  -59.90, 22.6, 1.23, 4.06, 4.03
6, 8069, 5,    23.98, 6,  drogue,   -8.11,  80513.00, 1897.41, 1879.58,  -60.71, 22.6, 1.20, 4.05, 4.02
6, 8069, 5,    24.08, 6,  drogue,   -8.07,  80570.00, 1891.70, 1873.87,  -61.52, 22.6, 1.23, 4.08, 4.03
6, 8069, 5,    24.18, 6,  drogue,   -8.04,  80630.00, 1885.69, 1867.86,  -62.33, 22.6, 1.23, 4.06, 4.03
6, 8069, 5,    24.28, 6,  drogue,   -8.00,  80697.00, 1878.98, 1861.15,  -63.13, 22.6, 1.21, 4.06, 4.03
6, 8069, 5,    24.38, 6,  drogue,   -7.95,  80754.00, 1873.28, 1855.45,  -63.93, 22.6, 1.21, 4.06, 4.03
6, 8069, 5,    24.48, 6,  drogue,   -7.90,  80821.00, 1866.58, 1848.75,  -64.73, 22.6, 1.23, 4.08, 4.03
6, 8069, 5,    24.58, 6,  drogue,   -7.86,  80886.00, 1860.08, 1842.25,  -65.52, 22.6, 1.21, 4.06, 4.03
6, 8069, 5,    24.68, 6,  drogue,   -7.81,  80955.00, 1853.19, 1835.36,  -66.30, 22.6, 1.21, 4.06, 4.03
6, 8069, 5,    24.78, 6,  drogue,   -7.76,  81019.00, 1846.80, 1828.97,  -67.08, 22.6, 1.21, 4.06, 4.03
6, 8069, 5,    24.88, 6,  drogue,   -7.71,  81090.00, 1839.72, 1821.89,  -67.86, 22.6, 1.21, 4.06, 4.03
6, 8069, 5,    24.98, 6,  drogue,   -7.65,  81152.00, 1833.54, 1815.71,  -68.63, 22.6, 1.21, 4.06, 4.03
6, 8069, 5,    25.08, 6,  drogue,   -7.60,  81223.00, 1826.47, 1808.64,  -69.40, 22.6, 1.17, 4.05, 4.02
6, 8069, 5,    25.18, 6,  drogue,   -7.54,  81291.00, 1819.70, 1801.87,  -70.16, 22.6, 1.21, 4.06, 4.03
6, 8069, 5,    25.28, 6,  drogue,   -7.48,  81364.00, 1812.44, 1794.61,  -70.91, 22.6, 1.21, 4.06, 4.02
6, 8069, 5,    25.38, 6,  drogue,   -7.42,  81439.00, 1804.99, 1787.16,  -71.66, 22.6, 1.21, 4.06, 4.03
6, 8069, 5,    25.48, 6,  drogue,   -7.37,  81514.00, 1797.54, 1779.71,  -72.40, 22.6, 1.21, 4.06, 4.03
6, 8069, 5,    25.58, 6,  drogue,   -7.32,  81582.00, 1790.79, 1772.96,  -73.14, 22.6, 1.21, 4.06, 4.02
6, 8069, 5,    25.68, 6,  drogue,   -7.27,  81655.00, 1783.55, 1765.72,  -73.87, 22.6, 1.21, 4.06, 4.03
6, 8069, 5,    25.78, 6,  drogue,   -7.23,  81728.00, 1776.32, 1758.49,  -74.60, 22.5, 1.21, 4.06, 4.03
6, 8069, 5,    25.88, 6,  drogue,   -7.18,  81807.00, 1768.49, 1750.66,  -75.32, 22.5, 1.21, 4.06, 4.03
6, 8069, 5,    25.98, 6,  drogue,   -7.13,  81875.00, 1761.76, 1743.94,  -76.04, 22.5, 1.21, 4.08, 4.03
6, 8069, 5,    26.08, 6,  drogue,   -7.07,  81961.00, 1753.26, 1735.43,  -76.75, 22.5, 1.21, 4.06, 4.03
6, 8069, 5,    26.18, 6,  drogue,   -7.02,  82036.00, 1745.85, 1728.02,  -77.46, 22.5, 1.17, 4.05, 4.02
6, 8069, 5,    26.28, 6,  drogue,   -6.97,  82111.00, 1738.45, 1720.62,  -78.16, 22.5, 1.21, 4.06, 4.03
6, 8069, 5,    26.38, 6,  drogue,   -6.92,  82193.00, 1730.36, 1712.53,  -78.85, 22.5, 1.21, 4.08, 4.03
6, 8069, 5,    26.48, 6,  drogue,   -6.86,  82283.00, 1721.48, 1703.66,  -79.55, 22.5, 1.21, 4.08, 4.03
6, 8069, 5,    26.58, 6,  drogue,   -6.82,  82353.00, 1714.59, 1696.76,  -80.23, 22.5, 1.21, 4.05, 4.03
6, 8069, 5,    26.68, 6,  drogue,   -6.77,  82438.00, 1706.23, 1688.40,  -80.92, 22.5, 1.18, 4.06, 4.03
6, 8069, 5,    26.78, 6,  drogue,   -6.72,  82519.00, 1698.26, 1680.43,  -81.59, 22.5, 1.21, 4.08, 4.03
6, 8069, 5,    26.88, 6,  drogue,   -6.68,  82602.00, 1690.10, 1672.28,  -82.27, 22.5, 1.21, 4.06, 4.03
6, 8069, 5,    26.98, 6,  drogue,   -6.63,  82687.00, 1681.76, 1663.93,  -82.93, 22.5, 1.18, 4.06, 4.03
6, 8069, 5,    27.08, 6,  drogue,   -6.58,  82775.00, 1673.13, 1655.30,  -83.60, 22.5, 1.18, 4.06, 4.03
6, 8069, 5,    27.18, 6,  drogue,   -6.54,  82850.00, 1665.78, 1647.95,  -84.25, 22.5, 1.21, 4.08, 4.03
6, 8069, 5,    27.28, 6,  drogue,   -6.49,  82942.00, 1656.77, 1638.94,  -84.91, 22.5, 1.14, 4.05, 4.02
6, 8069, 5,    27.38, 6,  drogue,   -6.44,  83036.00, 1647.57, 1629.74,  -85.56, 22.5, 1.18, 4.06, 4.02
6, 8069, 5,    27.48, 6,  drogue,   -6.40,  83113.00, 1640.04, 1622.21,  -86.20, 22.5, 1.18, 4.06, 4.03
6, 8069, 5,    27.58, 6,  drogue,   -6.35,  83206.00, 1630.96, 1613.13,  -86.84, 22.5, 1.18, 4.06, 4.03
6, 8069, 5,    27.68, 6,  drogue,   -6.30,  83295.00, 1622.27, 1604.44,  -87.47, 22.5, 1.18, 4.06, 4.03
6, 8069, 5,    27.78, 6,  drogue,   -6.25,  83384.00, 1613.59, 1595.76,  -88.10, 22.5, 1.18, 4.06, 4.03
6, 8069, 5,    27.88, 6,  drogue,   -6.20,  83481.00, 1604.14, 1586.31,  -88.73, 22.5, 1.18, 4.08, 4.03
6, 8069, 5,    27.98, 6,  drogue,   -6.15,  83565.00, 1595.96, 1578.14,  -89.35, 22.5, 1.17, 4.06, 4.03
6, 8069, 5,    28.08, 6,  drogue,   -6.11,  83661.00, 1586.63, 1568.80,  -89.96, 22.5, 1.18, 4.08, 4.03
6, 8069, 5,    28.18, 6,  drogue,   -6.07,  83751.00, 1577.88, 1560.05,  -90.57, 22.5, 1.18, 4.06, 4.03
6, 8069, 5,    28.28, 6,  drogue,   -6.02,  83839.00, 1569.34, 1551.51,  -91.18, 22.5, 1.17, 4.06, 4.03
6, 8069, 5,    28.38, 6,  drogue,   -5.97,  83936.00, 1559.93, 1542.10,  -91.78, 22.5, 1.14, 4.05, 4.02
6, 8069, 5,    28.48, 6,  drogue,   -5.91,  84036.00, 1550.24, 1532.41,  -92.39, 22.5, 1.17, 4.08, 4.03
6, 8069, 5,    28.58, 6,  drogue,   -5.85,  84126.00, 1541.53, 1523.70,  -92.97, 22.5, 1.17, 4.06, 4.03
6, 8069, 5,    28.68, 6,  drogue,   -5.80,  84225.00, 1531.95, 1514.12,  -93.56, 22.5, 1.15, 4.06, 4.03
6, 8069, 5,    28.78, 6,  drogue,   -5.75,  84317.00, 1523.06, 1505.23,  -94.14, 22.5, 1.17, 4.06, 4.03
6, 8069, 5,    28.88, 6,  drogue,   -5.70,  84427.00, 1512.44, 1494.61,  -94.71, 22.5, 1.17, 4.06, 4.03
6, 8069, 5,    28.98, 6,  drogue,   -5.66,  84522.00, 1503.28, 1485.45,  -95.28, 22.5, 1.17, 4.06, 4.03
6, 8069, 5,    29.08, 6,  drogue,   -5.62,  84621.00, 1493.74, 1475.91,  -95.85, 22.5, 1.17, 4.06, 4.03
6, 8069, 5,    29.18, 6,  drogue,   -5.59,  84718.00, 1484.40, 1466.57,  -96.41, 22.5, 1.17, 4.06, 4.03
6, 8069, 5,    29.28, 6,  drogue,   -5.55,  84813.00, 1475.26, 1457.43,  -96.97, 22.5, 1.15, 4.08, 4.02
6, 8069, 5,    29.38, 6,  drogue,   -5.52,  84918.00, 1465.17, 1447.34,  -97.53, 22.5, 1.15, 4.06, 4.03
6, 8069, 5,    29.48, 6,  drogue,   -5.49,  85019.00, 1455.48, 1437.65,  -98.07, 22.5, 1.12, 4.05, 4.02
6, 8069, 5,    29.58, 6,  drogue,   -5.46,  85124.00, 1445.41, 1427.58,  -98.62, 22.5, 1.15, 4.08, 4.03
6, 8069, 5,    29.68, 6,  drogue,   -5.45,  85227.00, 1435.54, 1417.71,  -99.17, 22.5, 1.15, 4.06, 4.03
6, 8069, 5,    29.78, 6,  drogue,   -5.43,  85331.00, 1425.58, 1407.76,  -99.71, 22.5, 1.15, 4.06, 4.03
6, 8069, 5,    29.88, 6,  drogue,   -5.41,  85433.00, 1415.83, 1398.00, -100.26, 22.5, 1.14, 4.06, 4.03
6, 8069, 5,    29.98, 6,  drogue,   -5.39,  85536.00, 1405.99, 1388.16, -100.80, 22.5, 1.15, 4.06, 4.03
6, 8069, 5,    30.08, 6,  drogue,   -5.36,  85639.00, 1396.16, 1378.33, -101.34, 22.5, 1.14, 4.06, 4.03
6, 8069, 5,    30.18, 6,  drogue,   -5.33,  85749.00, 1385.68, 1367.85, -101.88, 22.5, 1.15, 4.08, 4.03
6, 8069, 5,    30.28, 6,  drogue,   -5.30,  85861.00, 1375.01, 1357.18, -102.41, 22.5, 1.14, 4.06, 4.03
6, 8069, 5,    30.38, 6,  drogue,   -5.27,  85968.00, 1364.83, 1347.00, -102.93, 22.5, 1.12, 4.08, 4.03
6, 8069, 5,    30.48, 6,  drogue,   -5.24,  86077.00, 1354.47, 1336.64, -103.47, 22.5, 1.14, 4.06, 4.03
6, 8069, 5,    30.58, 6,  drogue,   -5.20,  86178.00, 1344.88, 1327.05, -103.99, 22.5, 1.11, 4.05, 4.02
6, 8069, 5,    30.68, 6,  drogue,   -5.16,  86293.00, 1333.97, 1316.14, -104.51, 22.5, 1.14, 4.06, 4.03
6, 8069, 5,    30.78, 6,  drogue,   -5.10,  86398.00, 1324.02, 1306.19, -105.03, 22.5, 1.12, 4.06, 4.03
6, 8069, 5,    30.88, 6,  drogue,   -5.04,  86514.00, 1313.04, 1295.21, -105.54, 22.5, 1.14, 4.06, 4.03
6, 8069, 5,    30.98, 6,  drogue,   -4.97,  86626.00, 1302.45, 1284.62, -106.04, 22.5, 1.12, 4.06, 4.03
6, 8069, 5,    31.08, 6,  drogue,   -4.89,  86741.00, 1291.59, 1273.76, -106.55, 22.5, 1.12, 4.06, 4.03
6, 8069, 5,    31.18, 6,  drogue,   -4.80,  86849.00, 1281.40, 1263.57, -107.04, 22.5, 1.12, 4.06, 4.03
6, 8069, 5,    31.28, 6,  drogue,   -4.72,  86966.00, 1270.37, 1252.54, -107.51, 22.5, 1.12, 4.06, 4.03
6, 8069, 5,    31.38, 6,  drogue,   -4.65,  87080.00, 1259.64, 1241.81, -107.98, 22.5, 1.12, 4.06, 4.03
6, 8069, 5,    31.48, 6,  drogue,   -4.57,  87190.00, 1249.29, 1231.46, -108.45, 22.5, 1.12, 4.06, 4.03
6, 8069, 5,    31.58, 6,  drogue,   -4.50,  87310.00, 1238.01, 1220.19, -108.90, 22.5, 1.12, 4.06, 4.02
6, 8069, 5,    31.68, 6,  drogue,   -4.42,  87422.00, 1227.50, 1209.67, -109.36, 22.5, 1.11, 4.05, 4.02
6, 8069, 5,    31.78, 6,  drogue,   -4.34,  87546.00, 1215.88, 1198.05, -109.80, 22.5, 1.12, 4.06, 4.03
6, 8069, 5,    31.88, 6,  drogue,   -4.26,  87664.00, 1204.83, 1187.00, -110.23, 22.5, 1.12, 4.06, 4.03
6, 8069, 5,    31.98, 6,  drogue,   -4.20,  87784.00, 1193.60, 1175.77, -110.66, 22.5, 1.12, 4.06, 4.03
6, 8069, 5,    32.08, 6,  drogue,   -4.14,  87900.00, 1182.76, 1164.93, -111.07, 22.5, 1.12, 4.06, 4.03
6, 8069, 5,    32.18, 6,  drogue,   -4.09,  88016.00, 1171.93, 1154.10, -111.49, 22.5, 1.12, 4.08, 4.03
6, 8069, 5,    32.28, 6,  drogue,   -4.05,  88132.00, 1161.12, 1143.29, -111.90, 22.5, 1.12, 4.06, 4.03
6, 8069, 5,    32.38, 6,  drogue,   -4.01,  88253.00, 1149.85, 1132.02, -112.30, 22.5, 1.12, 4.08, 4.03
6, 8069, 5,    32.48, 6,  drogue,   -3.98,  88379.00, 1138.12, 1120.29, -112.70, 22.5, 1.12, 4.06, 4.03
6, 8069, 5,    32.58, 6,  drogue,   -3.96,  88499.00, 1126.97, 1109.14, -113.10, 22.5, 1.12, 4.06, 4.03
6, 8069, 5,    32.68, 6,  drogue,   -3.95,  88621.00, 1115.65, 1097.82, -113.49, 22.5, 1.12, 4.06, 4.03
6, 8069, 5,    32.78, 6,  drogue,   -3.94,  88746.00, 1104.05, 1086.23, -113.88, 22.5, 1.08, 4.05, 4.02
6, 8069, 5,    32.88, 6,  drogue,   -3.93,  88864.00, 1093.12, 1075.30, -114.28, 22.5, 1.12, 4.06, 4.03
6, 8069, 5,    32.98, 6,  drogue,   -3.91,  88989.00, 1081.56, 1063.73, -114.67, 22.5, 1.11, 4.06, 4.03
6, 8069, 5,    33.08, 6,  drogue,   -3.89,  89122.00, 1069.27, 1051.44, -115.07, 22.5, 1.11, 4.06, 4.03
6, 8069, 5,    33.18, 6,  drogue,   -3.85,  89235.00, 1058.84, 1041.01, -115.46, 22.5, 1.11, 4.06, 4.03
6, 8069, 5,    33.28, 6,  drogue,   -3.82,  89359.00, 1047.40, 1029.57, -115.84, 22.4, 1.11, 4.06, 4.03
6, 8069, 5,    33.38, 6,  drogue,   -3.78,  89489.00, 1035.43, 1017.60, -116.22, 22.5, 1.09, 4.06, 4.02
6, 8069, 5,    33.48, 6,  drogue,   -3.75,  89614.00, 1023.93, 1006.10, -116.60, 22.5, 1.11, 4.08, 4.03
6, 8069, 5,    33.58, 6,  drogue,   -3.72,  89739.00, 1012.44,  994.61, -116.97, 22.5, 1.11, 4.06, 4.03
6, 8069, 5,    33.68, 6,  drogue,   -3.68,  89876.00,  999.87,  982.04, -117.35, 22.5, 1.09, 4.06, 4.03
6, 8069, 5,    33.78, 6,  drogue,   -3.63,  90002.00,  988.32,  970.49, -117.72, 22.4, 1.09, 4.08, 4.03
6, 8069, 5,    33.88, 6,  drogue,   -3.57,  90126.00,  976.96,  959.13, -118.08, 22.4, 1.08, 4.05, 4.02
6, 8069, 5,    33.98, 6,  drogue,   -3.52,  90251.00,  965.53,  947.70, -118.44, 22.4, 1.09, 4.06, 4.03
6, 8069, 5,    34.08, 6,  drogue,   -3.47,  90382.00,  953.56,  935.73, -118.79, 22.4, 1.09, 4.08, 4.03
6, 8069, 5,    34.18, 6,  drogue,   -3.42,  90516.00,  941.33,  923.50, -119.14, 22.4, 1.09, 4.06, 4.03
6, 8069, 5,    34.28, 6,  drogue,   -3.39,  90648.00,  929.30,  911.47, -119.48, 22.4, 1.09, 4.08, 4.03
6, 8069, 5,    34.38, 6,  drogue,   -3.37,  90777.00,  917.55,  899.72, -119.81, 22.4, 1.09, 4.08, 4.02
6, 8069, 5,    34.48, 6,  drogue,   -3.35,  90912.00,  905.28,  887.45, -120.15, 22.4, 1.09, 4.06, 4.03
6, 8069, 5,    34.58, 6,  drogue,   -3.33,  91045.00,  893.20,  875.37, -120.49, 22.4, 1.09, 4.06, 4.03
6, 8069, 5,    34.68, 6,  drogue,   -3.31,  91182.00,  880.77,  862.94, -120.82, 22.4, 1.09, 4.06, 4.03
6, 8069, 5,    34.78, 6,  drogue,   -3.29,  91305.00,  869.62,  851.79, -121.15, 22.4, 1.09, 4.08, 4.03
6, 8069, 5,    34.88, 6,  drogue,   -3.27,  91453.00,  856.23,  838.40, -121.48, 22.4, 1.09, 4.08, 4.03
6, 8069, 5,    34.98, 6,  drogue,   -3.26,  91583.00,  844.48,  826.65, -121.80, 22.4, 1.05, 4.05, 4.02
6, 8069, 5,    35.08, 6,  drogue,   -3.25,  91716.00,  832.47,  814.64, -122.13, 22.4, 1.09, 4.06, 4.02
6, 8069, 5,    35.18, 6,  drogue,   -3.25,  91846.00,  820.74,  802.92, -122.46, 22.4, 1.09, 4.06, 4.03
6, 8069, 5,    35.28, 6,  drogue,   -3.24,  91976.00,  809.03,  791.20, -122.78, 22.4, 1.09, 4.06, 4.03
6, 8069, 5,    35.38, 6,  drogue,   -3.22,  92111.00,  796.89,  779.06, -123.11, 22.4, 1.06, 4.06, 4.03
6, 8069, 5,    35.48, 6,  drogue,   -3.19,  92261.00,  783.41,  765.58, -123.43, 22.4, 1.06, 4.06, 4.03
6, 8069, 5,    35.58, 6,  drogue,   -3.15,  92382.00,  772.55,  754.72, -123.75, 22.4, 1.06, 4.06, 4.03
6, 8069, 5,    35.68, 6,  drogue,   -3.09,  92541.00,  758.29,  740.46, -124.07, 22.4, 1.06, 4.06, 4.03
6, 8069, 5,    35.78, 6,  drogue,   -3.03,  92675.00,  746.30,  728.47, -124.38, 22.4, 1.06, 4.06, 4.03
6, 8069, 5,    35.88, 6,  drogue,   -2.96,  92805.00,  734.67,  716.84, -124.68, 22.4, 1.06, 4.06, 4.03
6, 8069, 5,    35.98, 6,  drogue,   -2.89,  92954.00,  721.36,  703.53, -124.98, 22.4, 1.09, 4.06, 4.03
6, 8069, 5,    36.08, 6,  drogue,   -2.82,  93082.00,  709.94,  692.11, -125.27, 22.4, 1.02, 4.05, 4.02
6, 8069, 5,    36.18, 6,  drogue,   -2.73,  93235.00,  696.31,  678.48, -125.55, 22.5, 1.06, 4.06, 4.03
6, 8069, 5,    36.28, 6,  drogue,   -2.64,  93372.00,  684.12,  666.29, -125.83, 22.4, 1.05, 4.06, 4.03
6, 8069, 5,    36.38, 6,  drogue,   -2.55,  93521.00,  670.87,  653.05, -126.09, 22.4, 1.06, 4.06, 4.03
6, 8069, 5,    36.48, 6,  drogue,   -2.46,  93652.00,  659.24,  641.42, -126.35, 22.5, 1.06, 4.06, 4.03
6, 8069, 5,    36.58, 6,  drogue,   -2.38,  93813.00,  644.97,  627.14, -126.59, 22.4, 1.06, 4.06, 4.03
6, 8069, 5,    36.68, 6,  drogue,   -2.30,  93941.00,  633.64,  615.81, -126.83, 22.5, 1.06, 4.06, 4.03
6, 8069, 5,    36.78, 6,  drogue,   -2.24,  94085.00,  620.90,  603.07, -127.05, 22.4, 1.06, 4.06, 4.03
6, 8069, 5,    36.88, 6,  drogue,   -2.17,  94236.00,  607.56,  589.73, -127.28, 22.5, 1.05, 4.06, 4.03
6, 8069, 5,    36.98, 6,  drogue,   -2.12,  94368.00,  595.92,  578.09, -127.49, 22.5, 1.06, 4.08, 4.03
6, 8069, 5,    37.08, 6,  drogue,   -2.08,  94518.00,  582.70,  564.87, -127.71, 22.4, 1.06, 4.06, 4.03
6, 8069, 5,    37.18, 6,  drogue,   -2.06,  94672.00,  569.14,  551.31, -127.91, 22.5, 1.02, 4.05, 4.02
6, 8069, 5,    37.28, 6,  drogue,   -2.00,  94810.00,  557.01,  539.19, -128.11, 22.5, 1.06, 4.06, 4.03
6, 8069, 5,    37.38, 6,  drogue,   -1.85,  94964.00,  543.50,  525.67, -128.31, 22.5, 1.05, 4.06, 4.03
6, 8069, 5,    37.48, 6,  drogue,   -1.61,  95104.00,  531.22,  513.39, -128.52, 22.5, 1.05, 4.06, 4.03
6, 8069, 5,    37.58, 6,  drogue,   -1.25,  95245.00,  518.87,  501.04, -128.72, 22.5, 1.05, 4.06, 4.03
6, 8069, 5,    37.68, 6,  drogue,   -0.80,  95407.00,  504.70,  486.88, -128.94, 22.5, 1.05, 4.06, 4.03
6, 8069, 5,    37.78, 6,  drogue,   -0.12,  95539.00,  493.17,  475.35, -128.88, 22.5, 1.05, 4.06, 4.03
6, 8069, 5,    37.88, 6,  drogue,    1.03,  95678.00,  481.05,  463.22, -128.94, 22.5, 1.05, 4.06, 4.03
6, 8069, 5,    37.98, 6,  drogue,    2.77,  95848.00,  466.23,  448.40, -129.02, 22.5, 1.05, 4.06, 4.03
6, 8069, 5,    38.08, 6,  drogue,    5.20,  95997.00,  453.27,  435.44, -128.87, 22.5, 1.05, 4.06, 4.03
6, 8069, 5,    38.18, 6,  drogue,    8.18,  96138.00,  441.01,  423.18, -128.73, 22.5, 1.03, 4.08, 4.03
6, 8069, 5,    38.28, 6,  drogue,   11.45,  96292.00,  427.64,  409.82, -127.67, 22.5, 1.02, 4.05, 4.02
6, 8069, 5,    38.38, 6,  drogue,   14.70,  96435.00,  415.25,  397.42, -126.31, 22.5, 1.03, 4.06, 4.02
6, 8069, 5,    38.48, 6,  drogue,   17.74,  96589.00,  401.91,  384.08, -125.29, 22.5, 1.03, 4.06, 4.03
6, 8069, 5,    38.58, 6,  drogue,   20.48,  96738.00,  389.03,  371.20, -123.20, 22.5, 1.03, 4.06, 4.03
6, 8069, 5,    38.68, 6,  drogue,   22.88,  96888.00,  376.07,  358.24, -120.98, 22.5, 1.03, 4.06, 4.03
6, 8069, 5,    38.78, 6,  drogue,   24.98,  97048.00,  362.27,  344.44, -118.83, 22.5, 1.03, 4.08, 4.03
6, 8069, 5,    38.88, 6,  drogue,   26.75,  97201.00,  349.09,  331.26, -116.21, 22.5, 1.03, 4.06, 4.03
6, 8069, 5,    38.98, 6,  drogue,   28.14,  97344.00,  336.79,  318.96, -113.50, 22.5, 1.03, 4.06, 4.03
6, 8069, 5,    39.08, 6,  drogue,   29.19,  97510.00,  322.52,  304.69, -110.63, 22.5, 1.03, 4.06, 4.03
6, 8069, 5,    39.18, 6,  drogue,   29.79,  97661.00,  309.56,  291.74, -107.62, 22.5, 1.03, 4.06, 4.02
6, 8069, 5,    39.28, 6,  drogue,   29.95,  97803.00,  297.39,  279.56, -104.55, 22.5, 1.03, 4.06, 4.03
6, 8069, 5,    39.38, 6,  drogue,   29.71,  97963.00,  283.70,  265.87, -101.52, 22.5, 1.00, 4.05, 4.02
6, 8069, 5,    39.48, 6,  drogue,   29.15,  98127.00,  269.68,  251.85,  -98.47, 22.5, 1.03, 4.06, 4.02
6, 8069, 5,    39.58, 6,  drogue,   28.34,  98279.00,  256.70,  238.87,  -95.52, 22.5, 1.03, 4.06, 4.03
6, 8069, 5,    39.68, 6,  drogue,   27.39,  98432.00,  243.65,  225.82,  -92.67, 22.5, 1.03, 4.06, 4.03
6, 8069, 5,    39.78, 6,  drogue,   26.40,  98156.00,  267.20,  249.37,  -89.92, 22.5, 1.03, 4.06, 4.03
6, 8069, 5,    39.88, 6,  drogue,   25.48,  98700.00,  220.84,  203.01,  -87.28, 22.5, 1.03, 4.06, 4.03
6, 8069, 5,    39.98, 6,  drogue,   24.75,  98909.00,  203.08,  185.25,  -84.77, 22.5, 1.03, 4.06, 4.03
6, 8069, 5,    40.04, 7,    main,   24.75,  98909.00,  203.08,  185.25,  -84.77, 22.5, 1.03, 4.06, 4.03
6, 8069, 5,    40.08, 7,    main,   24.29,  98735.00,  217.86,  200.03,  -82.35, 22.5, 1.03, 1.49, 4.02
6, 8069, 5,    40.18, 7,    main,   24.18,  99041.00,  191.88,  174.06,  -79.98, 22.5, 1.03, 0.80, 4.05
6, 8069, 5,    40.28, 7,    main,   24.44,  97837.00,  294.48,  276.65,  -77.62, 22.5, 1.02, 0.59, 4.03
6, 8069, 5,    40.38, 7,    main,   25.11,  98171.00,  265.92,  248.09,  -75.24, 22.5, 0.99, 0.47, 4.02
6, 8069, 5,    40.48, 7,    main,   26.16,  99549.00,  148.90,  131.07,  -72.81, 22.5, 1.00, 0.41, 4.02
6, 8069, 5,    40.58, 7,    main,   27.55,  98155.00,  267.28,  249.46,  -70.25, 22.5, 1.03, 0.36, 4.03
6, 8069, 5,    40.68, 7,    main,   29.23,  98914.00,  202.66,  184.83,  -67.54, 22.5, 0.92, 0.32, 4.03
6, 8069, 5,    40.78, 7,    main,   31.10,  99722.00,  134.30,  116.47,  -64.65, 22.5, 0.27, 0.30, 4.02
6, 8069, 5,    40.88, 7,    main,   33.05,  99327.00,  167.66,  149.83,  -61.56, 22.5, 0.08, 0.21, 4.03
6, 8069, 5,    40.98, 7,    main,   34.94,  99692.00,  136.83,  119.00,  -58.25, 22.5, 0.06, 0.20, 4.02
6, 8069, 5,    41.08, 7,    main,   36.64,  99710.00,  135.31,  117.48,  -54.73, 22.5, 0.05, 0.17, 4.02
6, 8069, 5,    41.18, 7,    main,   37.99,  99695.00,  136.58,  118.75,  -51.00, 22.5, 0.06, 0.15, 4.02
6, 8069, 5,    41.28, 7,    main,   38.92,  99753.00,  131.69,  113.86,  -47.12, 22.5, 0.03, 0.14, 4.02
6, 8069, 5,    41.38, 7,    main,   39.34,  99888.00,  120.31,  102.48,  -43.13, 22.5, 0.03, 0.14, 4.02
6, 8069, 5,    41.48, 7,    main,   39.17,  99807.00,  127.14,  109.31,  -39.11, 22.5, 0.06, 0.14, 4.02
6, 8069, 5,    41.58, 7,    main,   38.37,  99871.00,  121.74,  103.91,  -35.12, 22.5, 0.05, 0.14, 4.02
6, 8069, 5,    41.68, 7,    main,   36.94,  99870.00,  121.83,  104.00,  -31.21, 22.5, 0.03, 0.11, 4.02
6, 8069, 5,    41.78, 7,    main,   35.01,  99874.00,  121.49,  103.66,  -27.26, 22.5, 0.03, 0.11, 4.02
6, 8069, 5,    41.88, 7,    main,   32.73,  99873.00,  121.58,  103.75,  -23.76, 22.5, 0.03, 0.11, 4.02
6, 8069, 5,    41.98, 7,    main,   30.12,  99884.00,  120.65,  102.82,  -20.54, 22.5, 0.03, 0.09, 4.02
6, 8069, 5,    42.08, 7,    main,   27.18,  99898.00,  119.47,  101.64,  -17.47, 22.5, 0.03, 0.09, 4.02
6, 8069, 5,    42.18, 7,    main,   23.86,  99884.00,  120.65,  102.82,  -14.84, 22.5, 0.03, 0.11, 4.03
6, 8069, 5,    42.28, 7,    main,   20.14,  99891.00,  120.06,  102.23,  -12.03, 22.5, 0.03, 0.11, 4.03
6, 8069, 5,    42.38, 7,    main,   16.18,  99899.00,  119.39,  101.56,   -9.90, 22.5, 0.03, 0.09, 4.02
6, 8069, 5,    42.48, 7,    main,   12.27,  99922.00,  117.45,   99.62,   -8.77, 22.5, 0.03, 0.08, 4.03
6, 8069, 5,    42.58, 7,    main,    8.73,  99912.00,  118.29,  100.46,   -7.25, 22.5, 0.03, 0.09, 4.03
6, 8069, 5,    42.68, 7,    main,    5.77,  99923.00,  117.36,   99.54,   -6.47, 22.5, 0.02, 0.08, 4.02
6, 8069, 5,    42.78, 7,    main,    3.53,  99928.00,  116.94,   99.11,   -6.23, 22.5, 0.03, 0.08, 4.03
6, 8069, 5,    42.88, 7,    main,    1.95,  99924.00,  117.28,   99.45,   -5.89, 22.5, 0.03, 0.09, 4.03
6, 8069, 5,    42.98, 7,    main,    0.90,  99939.00,  116.02,   98.19,   -5.82, 22.5, 0.02, 0.08, 4.02
6, 8069, 5,    43.08, 7,    main,    0.31,  99918.00,  117.79,   99.96,   -5.79, 22.5, 0.02, 0.08, 4.03
6, 8069, 5,    43.18, 7,    main,   -0.05,  99916.00,  117.95,  100.13,   -5.77, 22.5, 0.03, 0.08, 4.03
6, 8069, 5,    43.28, 7,    main,   -0.26,  99930.00,  116.78,   98.95,   -5.79, 22.5, 0.02, 0.08, 4.03
6, 8069, 5,    43.38, 7,    main,   -0.34,  99939.00,  116.02,   98.19,   -5.86, 22.5, 0.02, 0.08, 4.03
6, 8069, 5,    43.48, 7,    main,   -0.34,  99992.00,  111.56,   93.73,   -5.88, 22.5, 0.02, 0.08, 4.03
6, 8069, 5,    43.58, 7,    main,   -0.28, 100027.00,  108.61,   90.78,   -5.93, 22.5, 0.02, 0.08, 4.03
6, 8069, 5,    43.68, 7,    main,   -0.19, 100011.00,  109.96,   92.13,   -5.97, 22.5, 0.02, 0.08, 4.03
6, 8069, 5,    43.78, 7,    main,   -0.07, 100007.00,  110.30,   92.47,   -5.99, 22.5, 0.00, 0.08, 4.02
6, 8069, 5,    43.88, 7,    main,    0.04, 100010.00,  110.04,   92.21,   -5.99, 22.5, 0.00, 0.08, 4.03
6, 8069, 5,    43.98, 7,    main,    0.14, 100021.00,  109.12,   91.29,   -5.98, 22.5, 0.00, 0.08, 4.03
6, 8069, 5,    44.08, 7,    main,    0.23, 100020.00,  109.20,   91.37,   -5.97, 22.5, 0.00, 0.08, 4.03
6, 8069, 5,    44.18, 7,    main,    0.29, 100018.00,  109.37,   91.54,   -5.94, 22.5, 0.02, 0.08, 4.03
6, 8069, 5,    44.28, 7,    main,    0.32, 100008.00,  110.21,   92.38,   -5.91, 22.5, 0.02, 0.08, 4.03
6, 8069, 5,    44.38, 7,    main,    0.33, 100027.00,  108.61,   90.78,   -5.87, 22.5, 0.00, 0.08, 4.02
6, 8069, 5,    44.48, 7,    main,    0.31, 100032.00,  108.19,   90.36,   -5.84, 22.5, 0.02, 0.08, 4.03
6, 8069, 5,    44.58, 7,    main,    0.26, 100046.00,  107.02,   89.19,   -5.80, 22.5, 0.00, 0.08, 4.02
6, 8069, 5,    44.68, 7,    main,    0.20, 100070.00,  105.00,   87.17,   -5.77, 22.5, 0.02, 0.06, 4.03
6, 8069, 5,    44.78, 7,    main,    0.12, 100071.00,  104.91,   87.08,   -5.75, 22.5, 0.00, 0.08, 4.03
6, 8069, 5,    44.88, 7,    main,    0.04, 100087.00,  103.57,   85.74,   -5.73, 22.5, 0.00, 0.05, 4.02
6, 8069, 5,    44.98, 7,    main,   -0.06, 100099.00,  102.56,   84.73,   -5.74, 22.5, 0.00, 0.08, 4.02
6, 8069, 5,    45.08, 7,    main,   -0.19, 100083.00,  103.90,   86.07,   -5.74, 22.5, 0.00, 0.06, 4.03
6, 8069, 5,    45.18, 7,    main,   -0.33, 100085.00,  103.74,   85.91,   -5.74, 22.5, 0.00, 0.06, 4.03
6, 8069, 5,    45.28, 7,    main,   -0.47, 100081.00,  104.07,   86.24,   -5.77, 22.5, 0.00, 0.08, 4.03
6, 8069, 5,    45.38, 7,    main,   -0.59, 100088.00,  103.48,   85.65,   -5.82, 22.5, 0.00, 0.06, 4.03
6, 8069, 5,    45.48, 7,    main,   -0.66, 100113.00,  101.38,   83.55,   -5.90, 22.5, 0.00, 0.08, 4.03
6, 8069, 5,    45.58, 7,    main,   -0.67, 100118.00,  100.96,   83.13,   -5.98, 22.5, 0.00, 0.06, 4.03
6, 8069, 5,    45.68, 7,    main,   -0.62, 100162.00,   97.26,   79.43,   -6.06, 22.5, 0.00, 0.08, 4.03
6, 8069, 5,    45.78, 7,    main,   -0.55, 100146.00,   98.61,   80.78,   -6.12, 22.5, 0.00, 0.05, 4.02
6, 8069, 5,    45.88, 7,    main,   -0.45, 100129.00,  100.04,   82.21,   -6.17, 22.5, 0.00, 0.06, 4.03
6, 8069, 5,    45.98, 7,    main,   -0.35, 100140.00,   99.11,   81.28,   -6.22, 22.5, 0.00, 0.05, 4.02
6, 8069, 5,    46.08, 7,    main,   -0.26, 100158.00,   97.60,   79.77,   -6.26, 22.5, 0.00, 0.05, 4.03
6, 8069, 5,    46.18, 7,    main,   -0.17, 100156.00,   97.77,   79.94,   -6.28, 22.5, 0.00, 0.06, 4.03
6, 8069, 5,    46.28, 7,    main,   -0.09, 100163.00,   97.18,   79.35,   -6.29, 22.5, 0.00, 0.06, 4.02
6, 8069, 5,    46.38, 7,    main,   -0.02, 100161.00,   97.35,   79.52,   -6.30, 22.5, 0.00, 0.05, 4.03
6, 8069, 5,    46.48, 7,    main,    0.06, 100164.00,   97.10,   79.27,   -6.30, 22.5, 0.00, 0.08, 4.03
6, 8069, 5,    46.58, 7,    main,    0.15, 100191.00,   94.83,   77.00,   -6.30, 22.5, 0.00, 0.06, 4.03
6, 8069, 5,    46.68, 7,    main,    0.25, 100204.00,   93.74,   75.91,   -6.30, 22.5, 0.00, 0.06, 4.03
6, 8069, 5,    46.78, 7,    main,    0.36, 100218.00,   92.56,   74.73,   -6.27, 22.5, 0.00, 0.08, 4.03
6, 8069, 5,    46.88, 7,    main,    0.48, 100229.00,   91.64,   73.81,   -6.23, 22.5, 0.00, 0.06, 4.03
6, 8069, 5,    46.98, 7,    main,    0.60, 100237.00,   90.96,   73.13,   -6.19, 22.5, 0.00, 0.06, 4.03
6, 8069, 5,    47.08, 7,    main,    0.70, 100238.00,   90.88,   73.05,   -6.13, 22.5, 0.00, 0.05, 4.02
6, 8069, 5,    47.18, 7,    main,    0.77, 100237.00,   90.96,   73.13,   -6.05, 22.5, 0.00, 0.06, 4.03
6, 8069, 5,    47.28, 7,    main,    0.79, 100257.00,   89.28,   71.46,   -5.96, 22.5, 0.00, 0.06, 4.03
6, 8069, 5,    47.38, 7,    main,    0.78, 100271.00,   88.11,   70.28,   -5.87, 22.5, 0.00, 0.06, 4.02
6, 8069, 5,    47.48, 7,    main,    0.73, 100268.00,   88.36,   70.53,   -5.79, 22.5, 0.00, 0.06, 4.03
6, 8069, 5,    47.58, 7,    main,    0.68, 100274.00,   87.86,   70.03,   -5.71, 22.5, 0.00, 0.06, 4.03
6, 8069, 5,    47.68, 7,    main,    0.62, 100292.00,   86.35,   68.52,   -5.65, 22.5, 0.00, 0.06, 4.03
6, 8069, 5,    47.78, 7,    main,    0.55, 100280.00,   87.35,   69.52,   -5.60, 22.5, 0.00, 0.06, 4.03
6, 8069, 5,    47.88, 7,    main,    0.46, 100269.00,   88.28,   70.45,   -5.53, 22.5, 0.00, 0.06, 4.03
6, 8069, 5,    47.98, 7,    main,    0.37, 100281.00,   87.27,   69.44,   -5.47, 22.5, 0.00, 0.06, 4.03
6, 8069, 5,    48.08, 7,    main,    0.28, 100289.00,   86.60,   68.77,   -5.44, 22.5, 0.00, 0.05, 4.03
6, 8069, 5,    48.18, 7,    main,    0.19, 100289.00,   86.60,   68.77,   -5.42, 22.5, 0.00, 0.05, 4.02
6, 8069, 5,    48.28, 7,    main,    0.12, 100309.00,   84.92,   67.09,   -5.40, 22.5, 0.00, 0.06, 4.02
6, 8069, 5,    48.38, 7,    main,    0.04, 100320.00,   84.00,   66.17,   -5.39, 22.5, 0.00, 0.06, 4.03
6, 8069, 5,    48.48, 7,    main,   -0.03, 100329.00,   83.24,   65.41,   -5.38, 22.5, 0.00, 0.06, 4.03
6, 8069, 5,    48.58, 7,    main,   -0.10, 100345.00,   81.90,   64.07,   -5.38, 22.5, 0.00, 0.06, 4.03
6, 8069, 5,    48.68, 7,    main,   -0.15, 100355.00,   81.06,   63.23,   -5.40, 22.5, 0.00, 0.06, 4.03
6, 8069, 5,    48.78, 7,    main,   -0.18, 100347.00,   81.73,   63.90,   -5.42, 22.5, 0.00, 0.06, 4.03
6, 8069, 5,    48.88, 7,    main,   -0.21, 100356.00,   80.98,   63.15,   -5.45, 22.5, 0.00, 0.06, 4.02
6, 8069, 5,    48.98, 7,    main,   -0.23, 100372.00,   79.63,   61.80,   -5.46, 22.5, 0.00, 0.05, 4.03
6, 8069, 5,    49.08, 7,    main,   -0.27, 100379.00,   79.05,   61.22,   -5.48, 22.5, 0.00, 0.06, 4.03
6, 8069, 5,    49.18, 7,    main,   -0.32, 100353.00,   81.23,   63.40,   -5.50, 22.5, 0.00, 0.05, 4.03
6, 8069, 5,    49.28, 7,    main,   -0.38, 100358.00,   80.81,   62.98,   -5.54, 22.5, 0.00, 0.05, 4.02
6, 8069, 5,    49.38, 7,    main,   -0.45, 100368.00,   79.97,   62.14,   -5.57, 22.5, 0.00, 0.06, 4.03
6, 8069, 5,    49.48, 7,    main,   -0.52, 100379.00,   79.05,   61.22,   -5.62, 22.5, 0.00, 0.05, 4.03
6, 8069, 5,    49.58, 7,    main,   -0.60, 100390.00,   78.12,   60.29,   -5.67, 22.5, 0.00, 0.06, 4.03
6, 8069, 5,    49.68, 7,    main,   -0.68, 100409.00,   76.53,   58.70,   -5.73, 22.5, 0.00, 0.05, 4.03
6, 8069, 5,    49.78, 7,    main,   -0.75, 100428.00,   74.94,   57.11,   -5.80, 22.5, 0.00, 0.05, 4.03
6, 8069, 5,    49.88, 7,    main,   -0.80, 100420.00,   75.61,   57.78,   -5.87, 22.5, 0.00, 0.06, 4.03
6, 8069, 5,    49.98, 7,    main,   -0.83, 100419.00,   75.69,   57.86,   -5.96, 22.5, 0.00, 0.06, 4.03
6, 8069, 5,    50.08, 7,    main,   -0.84, 100444.00,   73.60,   55.77,   -6.05, 22.5, 0.00, 0.05, 4.03
6, 8069, 5,    50.18, 7,    main,   -0.83, 100464.00,   71.92,   54.09,   -6.13, 22.5, 0.00, 0.06, 4.03
6, 8069, 5,    50.28, 7,    main,   -0.83, 100432.00,   74.60,   56.77,   -6.21, 22.5, 0.00, 0.06, 4.03
6, 8069, 5,    50.38, 7,    main,   -0.82, 100437.00,   74.18,   56.35,   -6.29, 22.5, 0.00, 0.05, 4.02
6, 8069, 5,    50.48, 7,    main,   -0.80, 100450.00,   73.09,   55.26,   -6.38, 22.5, 0.00, 0.06, 4.03
6, 8069, 5,    50.58, 7,    main,   -0.76, 100449.00,   73.18,   55.35,   -6.47, 22.5, 0.00, 0.05, 4.03
6, 8069, 5,    50.68, 7,    main,   -0.70, 100473.00,   71.17,   53.34,   -6.55, 22.5, 0.00, 0.05, 4.03
6, 8069, 5,    50.78, 7,    main,   -0.62, 100485.00,   70.16,   52.33,   -6.62, 22.5, 0.00, 0.06, 4.03
6, 8069, 5,    50.88, 7,    main,   -0.53, 100489.00,   69.82,   52.00,   -6.68, 22.5, 0.00, 0.06, 4.03
6, 8069, 5,    50.98, 7,    main,   -0.45, 100490.00,   69.74,   51.91,   -6.73, 22.5, 0.00, 0.05, 4.03
6, 8069, 5,    51.08, 7,    main,   -0.36, 100493.00,   69.49,   51.66,   -6.78, 22.5, 0.00, 0.05, 4.03
6, 8069, 5,    51.18, 7,    main,   -0.28, 100528.00,   66.56,   48.73,   -6.81, 22.5, 0.00, 0.05, 4.03
6, 8069, 5,    51.28, 7,    main,   -0.22, 100539.00,   65.63,   47.81,   -6.84, 22.5, 0.00, 0.05, 4.03
6, 8069, 5,    51.38, 7,    main,   -0.17, 100518.00,   67.39,   49.57,   -6.86, 22.5, 0.00, 0.05, 4.03
6, 8069, 5,    51.48, 7,    main,   -0.13, 100559.00,   63.96,   46.13,   -6.87, 22.5, 0.00, 0.05, 4.02
6, 8069, 5,    51.58, 7,    main,   -0.09, 100561.00,   63.79,   45.96,   -6.88, 22.5, 0.00, 0.05, 4.03
6, 8069, 5,    51.68, 7,    main,   -0.04, 100562.00,   63.71,   45.88,   -6.90, 22.5, 0.00, 0.05, 4.03
6, 8069, 5,    51.78, 7,    main,    0.01, 100575.00,   62.62,   44.79,   -6.91, 22.5, 0.00, 0.05, 4.02
6, 8069, 5,    51.88, 7,    main,    0.07, 100588.00,   61.53,   43.70,   -6.91, 22.5, 0.00, 0.06, 4.03
6, 8069, 5,    51.98, 7,    main,    0.12, 100593.00,   61.11,   43.28,   -6.89, 22.5, 0.00, 0.05, 4.02
6, 8069, 5,    52.08, 7,    main,    0.16, 100591.00,   61.28,   43.45,   -6.88, 22.5, 0.00, 0.05, 4.03
6, 8069, 5,    52.18, 7,    main,    0.16, 100570.00,   63.04,   45.21,   -6.86, 22.5, 0.00, 0.05, 4.02
6, 8069, 5,    52.28, 7,    main,    0.14, 100566.00,   63.37,   45.54,   -6.83, 22.5, 0.00, 0.05, 4.03
6, 8069, 5,    52.38, 7,    main,    0.08, 100595.00,   60.94,   43.12,   -6.82, 22.5, 0.00, 0.06, 4.03
6, 8069, 5,    52.48, 7,    main,    0.00, 100625.00,   58.43,   40.60,   -6.81, 22.5, 0.00, 0.05, 4.03
6, 8069, 5,    52.58, 7,    main,   -0.08, 100649.00,   56.42,   38.60,   -6.80, 22.5, 0.00, 0.05, 4.03
6, 8069, 5,    52.68, 7,    main,   -0.17, 100658.00,   55.67,   37.84,   -6.81, 22.5, 0.00, 0.05, 4.03
6, 8069, 5,    52.78, 7,    main,   -0.23, 100663.00,   55.25,   37.42,   -6.83, 22.5, 0.00, 0.06, 4.05
6, 8069, 5,    52.88, 7,    main,   -0.27, 100657.00,   55.75,   37.93,   -6.86, 22.5, 0.00, 0.05, 4.02
6, 8069, 5,    52.98, 7,    main,   -0.29, 100667.00,   54.92,   37.09,   -6.90, 22.5, 0.00, 0.05, 4.03
6, 8069, 5,    53.08, 7,    main,   -0.29, 100682.00,   53.66,   35.83,   -6.92, 22.5, 0.00, 0.05, 4.03
6, 8069, 5,    53.18, 7,    main,   -0.28, 100683.00,   53.58,   35.75,   -6.96, 22.5, 0.00, 0.05, 4.02
6, 8069, 5,    53.28, 7,    main,   -0.25, 100696.00,   52.49,   34.66,   -6.98, 22.5, 0.00, 0.05, 4.03
6, 8069, 5,    53.38, 7,    main,   -0.21, 100685.00,   53.41,   35.58,   -7.00, 22.5, 0.00, 0.05, 4.03
6, 8069, 5,    53.48, 7,    main,   -0.15, 100692.00,   52.83,   35.00,   -7.04, 22.5, 0.00, 0.05, 4.03
6, 8069, 5,    53.58, 7,    main,   -0.07, 100707.00,   51.57,   33.74,   -7.07, 22.5, 0.00, 0.05, 4.03
6, 8069, 5,    53.68, 7,    main,    0.02, 100719.00,   50.57,   32.74,   -7.07, 22.5, 0.00, 0.05, 4.02
6, 8069, 5,    53.78, 7,    main,    0.13, 100729.00,   49.73,   31.90,   -7.06, 22.5, 0.00, 0.05, 4.03
6, 8069, 5,    53.88, 7,    main,    0.25, 100746.00,   48.31,   30.48,   -7.04, 22.5, 0.00, 0.05, 4.03
6, 8069, 5,    53.98, 7,    main,    0.37, 100741.00,   48.73,   30.90,   -7.03, 22.5, 0.00, 0.05, 4.02
6, 8069, 5,    54.08, 7,    main,    0.49, 100733.00,   49.40,   31.57,   -7.00, 22.5, 0.00, 0.05, 4.03
6, 8069, 5,    54.18, 7,    main,    0.58, 100748.00,   48.14,   30.31,   -6.94, 22.5, 0.00, 0.05, 4.03
6, 8069, 5,    54.28, 7,    main,    0.64, 100780.00,   45.47,   27.64,   -6.87, 22.5, 0.00, 0.06, 4.03
6, 8069, 5,    54.38, 7,    main,    0.69, 100795.00,   44.21,   26.38,   -6.79, 22.5, 0.00, 0.05, 4.03
6, 8069, 5,    54.48, 7,    main,    0.73, 100799.00,   43.88,   26.05,   -6.73, 22.5, 0.00, 0.06, 4.03
6, 8069, 5,    54.58, 7,    main,    0.78, 100807.00,   43.21,   25.38,   -6.67, 22.5, 0.00, 0.05, 4.03
6, 8069, 5,    54.68, 7,    main,    0.85, 100821.00,   42.04,   24.21,   -6.60, 22.4, 0.00, 0.06, 4.03
6, 8069, 5,    54.78, 7,    main,    0.91, 100830.00,   41.29,   23.46,   -6.51, 22.4, 0.00, 0.05, 4.02
6, 8069, 5,    54.88, 7,    main,    0.96, 100844.00,   40.12,   22.29,   -6.41, 22.4, 0.00, 0.05, 4.03
6, 8069, 5,    54.98, 7,    main,    0.96, 100851.00,   39.53,   21.70,   -6.31, 22.4, 0.00, 0.05, 4.03
6, 8069, 5,    55.08, 7,    main,    0.94, 100832.00,   41.12,   23.29,   -6.21, 22.4, 0.00, 0.05, 4.03
6, 8069, 5,    55.18, 7,    main,    0.89, 100824.00,   41.79,   23.96,   -6.11, 22.4, 0.00, 0.05, 4.03
6, 8069, 5,    55.28, 7,    main,    0.82, 100830.00,   41.29,   23.46,   -6.02, 22.4, 0.00, 0.05, 4.03
6, 8069, 5,    55.38, 7,    main,    0.73, 100859.00,   38.86,   21.03,   -5.93, 22.4, 0.00, 0.05, 4.03
6, 8069, 5,    55.48, 7,    main,    0.63, 100879.00,   37.19,   19.36,   -5.86, 22.4, 0.00, 0.05, 4.02
6, 8069, 5,    55.58, 7,    main,    0.53, 100887.00,   36.52,   18.69,   -5.79, 22.4, 0.00, 0.05, 4.02
6, 8069, 5,    55.68, 7,    main,    0.43, 100860.00,   38.78,   20.95,   -5.74, 22.4, 0.00, 0.05, 4.03
6, 8069, 5,    55.78, 7,    main,    0.34, 100868.00,   38.11,   20.28,   -5.70, 22.4, 0.00, 0.05, 4.03
6, 8069, 5,    55.88, 7,    main,    0.27, 100894.00,   35.94,   18.11,   -5.67, 22.4, 0.00, 0.05, 4.02
6, 8069, 5,    55.98, 7,    main,    0.20, 100920.00,   33.77,   15.94,   -5.65, 22.4, 0.00, 0.05, 4.03
6, 8069, 5,    56.08, 7,    main,    0.15, 100922.00,   33.60,   15.77,   -5.62, 22.4, 0.00, 0.05, 4.03
6, 8069, 5,    56.18, 7,    main,    0.10, 100909.00,   34.69,   16.86,   -5.60, 22.4, 0.00, 0.05, 4.03
6, 8069, 5,    56.28, 7,    main,    0.07, 100904.00,   35.10,   17.27,   -5.60, 22.4, 0.00, 0.05, 4.03
6, 8069, 5,    56.38, 7,    main,    0.06, 100914.00,   34.27,   16.44,   -5.61, 22.4, 0.00, 0.05, 4.03
6, 8069, 5,    56.48, 7,    main,    0.07, 100938.00,   32.26,   14.44,   -5.60, 22.4, 0.00, 0.05, 4.03
6, 8069, 5,    56.58, 7,    main,    0.11, 100969.00,   29.68,   11.85,   -5.59, 22.4, 0.00, 0.05, 4.03
6, 8069, 5,    56.68, 7,    main,    0.17, 100961.00,   30.34,   12.52,   -5.59, 22.4, 0.00, 0.05, 4.03
6, 8069, 5,    56.78, 7,    main,    0.26, 100941.00,   32.01,   14.19,   -5.57, 22.4, 0.00, 0.05, 4.03
6, 8069, 5,    56.88, 7,    main,    0.36, 100962.00,   30.26,   12.43,   -5.55, 22.4, 0.00, 0.05, 4.03
6, 8069, 5,    56.98, 7,    main,    0.48, 100953.00,   31.01,   13.18,   -5.52, 22.4, 0.00, 0.05, 4.02
6, 8069, 5,    57.08, 7,    main,    0.61, 100968.00,   29.76,   11.93,   -5.47, 22.4, 0.00, 0.05, 4.03
6, 8069, 5,    57.18, 7,    main,    0.74, 100980.00,   28.76,   10.93,   -5.41, 22.4, 0.00, 0.05, 4.02
6, 8069, 5,    57.28, 7,    main,    0.89, 100981.00,   28.67,   10.85,   -5.33, 22.4, 0.00, 0.05, 4.03
6, 8069, 5,    57.38, 7,    main,    1.06, 100997.00,   27.34,    9.51,   -5.25, 22.4, 0.00, 0.05, 4.03
6, 8069, 5,    57.48, 7,    main,    1.26, 101004.00,   26.76,    8.93,   -5.16, 22.4, 0.00, 0.05, 4.03
6, 8069, 5,    57.58, 7,    main,    1.47, 101003.00,   26.84,    9.01,   -5.04, 22.4, 0.00, 0.05, 4.02
6, 8069, 5,    57.68, 7,    main,    1.69, 101013.00,   26.00,    8.17,   -4.88, 22.4, 0.00, 0.05, 4.03
6, 8069, 5,    57.78, 7,    main,    1.90, 101025.00,   25.00,    7.17,   -4.71, 22.4, 0.00, 0.05, 4.03
6, 8069, 5,    57.88, 7,    main,    2.12, 101032.00,   24.42,    6.59,   -4.52, 22.4, 0.00, 0.05, 4.03
6, 8069, 5,    57.98, 7,    main,    2.32, 101040.00,   23.75,    5.92,   -4.32, 22.4, 0.00, 0.05, 4.03
6, 8069, 5,    58.08, 7,    main,    2.51, 101039.00,   23.83,    6.01,   -4.08, 22.4, 0.00, 0.05, 4.02
6, 8069, 5,    58.18, 7,    main,    2.67, 101039.00,   23.83,    6.01,   -3.82, 22.4, 0.00, 0.05, 4.03
6, 8069, 5,    58.28, 7,    main,    2.78, 101052.00,   22.75,    4.92,   -3.54, 22.4, 0.00, 0.03, 4.03
6, 8069, 5,    58.38, 7,    main,    2.86, 101063.00,   21.83,    4.00,   -3.25, 22.4, 0.00, 0.05, 4.03
6, 8069, 5,    58.48, 7,    main,    2.89, 101058.00,   22.25,    4.42,   -2.96, 22.4, 0.00, 0.05, 4.03
6, 8069, 5,    58.58, 7,    main,    2.91, 101070.00,   21.25,    3.42,   -2.68, 22.4, 0.00, 0.05, 4.03
6, 8069, 5,    58.68, 7,    main,    2.88, 101078.00,   20.58,    2.75,   -2.39, 22.4, 0.00, 0.05, 4.03
6, 8069, 5,    58.78, 7,    main,    2.82, 101075.00,   20.83,    3.00,   -2.08, 22.4, 0.00, 0.05, 4.02
6, 8069, 5,    58.88, 7,    main,    2.70, 101077.00,   20.66,    2.84,   -1.79, 22.4, 0.00, 0.03, 4.03
6, 8069, 5,    58.98, 7,    main,    2.54, 101076.00,   20.75,    2.92,   -1.51, 22.4, 0.00, 0.05, 4.03
6, 8069, 5,    59.08, 7,    main,    2.33, 101079.00,   20.50,    2.67,   -1.25, 22.4, 0.00, 0.05, 4.03
6, 8069, 5,    59.18, 7,    main,    2.11, 101082.00,   20.25,    2.42,   -1.02, 22.4, 0.00, 0.03, 4.02
6, 8069, 5,    59.28, 7,    main,    1.88, 101074.00,   20.91,    3.09,   -0.81, 22.4, 0.00, 0.05, 4.02
6, 8069, 5,    59.38, 7,    main,    1.64, 101080.00,   20.41,    2.59,   -0.62, 22.4, 0.00, 0.05, 4.03
6, 8069, 5,    59.48, 7,    main,    1.41, 101073.00,   21.00,    3.17,   -0.46, 22.4, 0.00, 0.05, 4.03
6, 8069, 5,    59.58, 7,    main,    1.18, 101068.00,   21.42,    3.59,   -0.31, 22.4, 0.00, 0.05, 4.02
6, 8069, 5,    59.68, 7,    main,    0.96, 101070.00,   21.25,    3.42,   -0.20, 22.4, 0.00, 0.05, 4.03
6, 8069, 5,    59.78, 7,    main,    0.76, 101074.00,   20.91,    3.09,   -0.10, 22.4, 0.00, 0.05, 4.03
6, 8069, 5,    59.88, 7,    main,    0.58, 101072.00,   21.08,    3.25,   -0.03, 22.4, 0.00, 0.05, 4.03
6, 8069, 5,    59.98, 7,    main,    0.41, 101073.00,   21.00,    3.17,    0.02, 22.4, 0.00, 0.03, 4.03
6, 8069, 5,    60.08, 7,    main,    0.28, 101071.00,   21.17,    3.34,    0.06, 22.4, 0.00, 0.05, 4.03
6, 8069, 5,    60.18, 7,    main,    0.16, 101072.00,   21.08,    3.25,    0.09, 22.4, 0.00, 0.03, 4.02
6, 8069, 5,    60.28, 7,    main,    0.06, 101072.00,   21.08,    3.25,    0.10, 22.4, 0.00, 0.03, 4.02
6, 8069, 5,    60.38, 7,    main,   -0.02, 101070.00,   21.25,    3.42,    0.09, 22.4, 0.00, 0.05, 4.03
6, 8069, 5,    60.48, 7,    main,   -0.07, 101076.00,   20.75,    2.92,    0.09, 22.4, 0.00, 0.05, 4.03
6, 8069, 5,    60.58, 7,    main,   -0.10, 101077.00,   20.66,    2.84,    0.08, 22.4, 0.00, 0.03, 4.03
6, 8069, 5,    60.68, 7,    main,   -0.12, 101073.00,   21.00,    3.17,    0.07, 22.4, 0.00, 0.03, 4.03
6, 8069, 5,    60.78, 7,    main,   -0.12, 101069.00,   21.33,    3.50,    0.05, 22.4, 0.00, 0.03, 4.03
6, 8069, 5,    60.88, 7,    main,   -0.12, 101069.00,   21.33,    3.50,    0.04, 22.4, 0.00, 0.05, 4.03
6, 8069, 5,    60.98, 7,    main,   -0.11, 101067.00,   21.50,    3.67,    0.03, 22.4, 0.00, 0.03, 4.03
6, 8069, 5,    61.08, 7,    main,   -0.09, 101070.00,   21.25,    3.42,    0.02, 22.4, 0.00, 0.03, 4.02
6, 8069, 5,    61.18, 7,    main,   -0.08, 101074.00,   20.91,    3.09,    0.01, 22.4, 0.00, 0.03, 4.03
6, 8069, 5,    61.28, 7,    main,   -0.06, 101076.00,   20.75,    2.92,   -0.00, 22.4, 0.00, 0.03, 4.03
6, 8069, 5,    61.38, 7,    main,   -0.05, 101073.00,   21.00,    3.17,   -0.01, 22.4, 0.00, 0.05, 4.02
6, 8069, 5,    61.48, 7,    main,   -0.04, 101076.00,   20.75,    2.92,   -0.01, 22.4, 0.00, 0.03, 4.02
6, 8069, 5,    61.58, 7,    main,   -0.04, 101069.00,   21.33,    3.50,   -0.01, 22.4, 0.00, 0.03, 4.03
6, 8069, 5,    61.68, 7,    main,   -0.04, 101072.00,   21.08,    3.25,   -0.02, 22.4, 0.00, 0.03, 4.03
6, 8069, 5,    61.78, 7,    main,   -0.03, 101068.00,   21.42,    3.59,   -0.02, 22.4, 0.00, 0.03, 4.03
6, 8069, 5,    61.88, 7,    main,   -0.02, 101072.00,   21.08,    3.25,   -0.03, 22.4, 0.00, 0.03, 4.03
6, 8069, 5,    61.98, 7,    main,   -0.01, 101075.00,   20.83,    3.00,   -0.03, 22.4, 0.00, 0.03, 4.03
6, 8069, 5,    62.08, 7,    main,    0.01, 101070.00,   21.25,    3.42,   -0.03, 22.4, 0.00, 0.03, 4.03
6, 8069, 5,    62.18, 7,    main,    0.02, 101070.00,   21.25,    3.42,   -0.03, 22.4, 0.00, 0.05, 4.03
6, 8069, 5,    62.28, 7,    main,    0.03, 101071.00,   21.17,    3.34,   -0.03, 22.4, 0.00, 0.05, 4.03
6, 8069, 5,    62.38, 7,    main,    0.05, 101075.00,   20.83,    3.00,   -0.02, 22.4, 0.00, 0.03, 4.03
6, 8069, 5,    62.48, 7,    main,    0.06, 101072.00,   21.08,    3.25,   -0.02, 22.4, 0.00, 0.03, 4.02
6, 8069, 5,    62.58, 7,    main,    0.08, 101071.00,   21.17,    3.34,   -0.01, 22.4, 0.00, 0.05, 4.03
6, 8069, 5,    62.68, 7,    main,    0.09, 101073.00,   21.00,    3.17,   -0.01, 22.4, 0.00, 0.03, 4.03
6, 8069, 5,    62.78, 7,    main,    0.10, 101075.00,   20.83,    3.00,    0.01, 22.4, 0.00, 0.03, 4.03
6, 8069, 5,    62.88, 7,    main,    0.10, 101073.00,   21.00,    3.17,    0.02, 22.4, 0.00, 0.03, 4.03
6, 8069, 5,    62.98, 7,    main,    0.09, 101069.00,   21.33,    3.50,    0.03, 22.4, 0.00, 0.03, 4.03
6, 8069, 5,    63.08, 7,    main,    0.09, 101076.00,   20.75,    2.92,    0.04, 22.4, 0.00, 0.03, 4.03
6, 8069, 5,    63.18, 7,    main,    0.08, 101074.00,   20.91,    3.09,    0.05, 22.4, 0.00, 0.03, 4.03
6, 8069, 5,    63.28, 7,    main,    0.07, 101072.00,   21.08,    3.25,    0.05, 22.4, 0.00, 0.03, 4.03
6, 8069, 5,    63.38, 7,    main,    0.07, 101072.00,   21.08,    3.25,    0.06, 22.4, 0.00, 0.03, 4.03
6, 8069, 5,    63.48, 7,    main,    0.06, 101071.00,   21.17,    3.34,    0.07, 22.4, 0.00, 0.03, 4.03
6, 8069, 5,    63.58, 7,    main,    0.04, 101074.00,   20.91,    3.09,    0.08, 22.4, 0.00, 0.02, 4.02
6, 8069, 5,    63.68, 7,    main,    0.02, 101074.00,   20.91,    3.09,    0.08, 22.4, 0.00, 0.03, 4.03
6, 8069, 5,    63.78, 7,    main,   -0.00, 101072.00,   21.08,    3.25,    0.09, 22.4, 0.00, 0.03, 4.03
6, 8069, 5,    63.88, 7,    main,   -0.03, 101070.00,   21.25,    3.42,    0.09, 22.4, 0.00, 0.05, 4.03
6, 8069, 5,    63.98, 7,    main,   -0.05, 101072.00,   21.08,    3.25,    0.08, 22.4, 0.00, 0.03, 4.03
6, 8069, 5,    64.08, 7,    main,   -0.07, 101071.00,   21.17,    3.34,    0.07, 22.4, 0.00, 0.03, 4.03
6, 8069, 5,    64.18, 7,    main,   -0.08, 101069.00,   21.33,    3.50,    0.07, 22.4, 0.00, 0.03, 4.03
6, 8069, 5,    64.28, 7,    main,   -0.09, 101068.00,   21.42,    3.59,    0.06, 22.4, 0.00, 0.03, 4.03
6, 8069, 5,    64.38, 7,    main,   -0.10, 101073.00,   21.00,    3.17,    0.05, 22.4, 0.00, 0.03, 4.03
6, 8069, 5,    64.48, 7,    main,   -0.10, 101070.00,   21.25,    3.42,    0.04, 22.4, 0.00, 0.05, 4.03
6, 8069, 5,    64.58, 7,    main,   -0.10, 101073.00,   21.00,    3.17,    0.03, 22.4, 0.00, 0.03, 4.03
6, 8069, 5,    64.68, 7,    main,   -0.10, 101070.00,   21.25,    3.42,    0.02, 22.4, 0.00, 0.03, 4.02
6, 8069, 5,    64.78, 7,    main,   -0.09, 101066.00,   21.58,    3.75,    0.01, 22.4, 0.00, 0.03, 4.02
6, 8069, 5,    64.88, 7,    main,   -0.08, 101073.00,   21.00,    3.17,   -0.00, 22.4, 0.00, 0.03, 4.03
6, 8069, 5,    64.98, 7,    main,   -0.06, 101070.00,   21.25,    3.42,   -0.01, 22.4, 0.00, 0.03, 4.03
6, 8069, 5,    65.08, 7,    main,   -0.05, 101072.00,   21.08,    3.25,   -0.02, 22.4, 0.00, 0.03, 4.03
6, 8069, 5,    65.18, 7,    main,   -0.04, 101073.00,   21.00,    3.17,   -0.02, 22.4, 0.00, 0.03, 4.03
6, 8069, 5,    65.28, 7,    main,   -0.03, 101072.00,   21.08,    3.25,   -0.02, 22.4, 0.00, 0.03, 4.03
6, 8069, 5,    65.38, 7,    main,   -0.02, 101070.00,   21.25,    3.42,   -0.03, 22.4, 0.00, 0.03, 4.03
6, 8069, 5,    65.48, 7,    main,   -0.01, 101068.00,   21.42,    3.59,   -0.03, 22.4, 0.00, 0.03, 4.03
6, 8069, 5,    65.58, 7,    main,   -0.00, 101071.00,   21.17,    3.34,   -0.03, 22.4, 0.00, 0.03, 4.03
6, 8069, 5,    65.68, 7,    main,    0.01, 101072.00,   21.08,    3.25,   -0.03, 22.4, 0.00, 0.03, 4.03
6, 8069, 5,    65.78, 7,    main,    0.01, 101069.00,   21.33,    3.50,   -0.03, 22.4, 0.00, 0.03, 4.02
6, 8069, 5,    65.88, 7,    main,    0.02, 101070.00,   21.25,    3.42,   -0.03, 22.4, 0.00, 0.03, 4.02
6, 8069, 5,    65.98, 7,    main,    0.02, 101075.00,   20.83,    3.00,   -0.03, 22.4, 0.00, 0.03, 4.02
6, 8069, 5,    66.08, 7,    main,    0.03, 101080.00,   20.41,    2.59,   -0.02, 22.4, 0.00, 0.03, 4.03
6, 8069, 5,    66.18, 7,    main,    0.02, 101068.00,   21.42,    3.59,   -0.02, 22.4, 0.00, 0.03, 4.02
6, 8069, 5,    66.28, 7,    main,    0.02, 101068.00,   21.42,    3.59,   -0.02, 22.4, 0.00, 0.03, 4.03
6, 8069, 5,    66.38, 7,    main,    0.01, 101070.00,   21.25,    3.42,   -0.02, 22.4, 0.00, 0.03, 4.03
6, 8069, 5,    66.48, 7,    main,    0.01, 101075.00,   20.83,    3.00,   -0.01, 22.4, 0.00, 0.03, 4.03
6, 8069, 5,    66.58, 7,    main,    0.00, 101073.00,   21.00,    3.17,   -0.01, 22.4, 0.00, 0.03, 4.03
6, 8069, 5,    66.68, 7,    main,   -0.00, 101069.00,   21.33,    3.50,   -0.01, 22.4, 0.00, 0.03, 4.03
6, 8069, 5,    66.78, 7,    main,   -0.01, 101072.00,   21.08,    3.25,   -0.01, 22.4, 0.00, 0.03, 4.03
6, 8069, 5,    66.88, 7,    main,   -0.02, 101068.00,   21.42,    3.59,   -0.01, 22.4, 0.00, 0.02, 4.02
6, 8069, 5,    66.98, 7,    main,   -0.03, 101068.00,   21.42,    3.59,   -0.02, 22.4, 0.00, 0.03, 4.03
6, 8069, 5,    67.08, 7,    main,   -0.04, 101073.00,   21.00,    3.17,   -0.02, 22.4, 0.00, 0.02, 4.03
6, 8069, 5,    67.18, 7,    main,   -0.04, 101074.00,   20.91,    3.09,   -0.03, 22.4, 0.00, 0.03, 4.03
6, 8069, 5,    67.28, 7,    main,   -0.04, 101068.00,   21.42,    3.59,   -0.03, 22.4, 0.00, 0.03, 4.02
6, 8069, 5,    67.38, 7,    main,   -0.04, 101075.00,   20.83,    3.00,   -0.03, 22.4, 0.00, 0.03, 4.02
6, 8069, 5,    67.48, 7,    main,   -0.03, 101076.00,   20.75,    2.92,   -0.04, 22.4, 0.00, 0.03, 4.03
6, 8069, 5,    67.58, 7,    main,   -0.03, 101069.00,   21.33,    3.50,   -0.04, 22.4, 0.00, 0.03, 4.03
6, 8069, 5,    67.68, 7,    main,   -0.02, 101069.00,   21.33,    3.50,   -0.04, 22.4, 0.00, 0.03, 4.03
6, 8069, 5,    67.78, 7,    main,   -0.02, 101075.00,   20.83,    3.00,   -0.05, 22.4, 0.00, 0.02, 4.03
6, 8069, 5,    67.88, 7,    main,   -0.01, 101073.00,   21.00,    3.17,   -0.05, 22.4, 0.00, 0.03, 4.02
6, 8069, 5,    67.98, 7,    main,   -0.00, 101074.00,   20.91,    3.09,   -0.05, 22.4, 0.00, 0.02, 4.02
6, 8069, 5,    68.08, 7,    main,    0.01, 101067.00,   21.50,    3.67,   -0.05, 22.4, 0.00, 0.02, 4.03
6, 8069, 5,    68.18, 7,    main,    0.02, 101067.00,   21.50,    3.67,   -0.05, 22.4, 0.00, 0.03, 4.03
6, 8069, 5,    68.28, 7,    main,    0.02, 101074.00,   20.91,    3.09,   -0.05, 22.4, 0.00, 0.02, 4.03
6, 8069, 5,    68.38, 7,    main,    0.03, 101073.00,   21.00,    3.17,   -0.04, 22.4, 0.00, 0.03, 4.03
6, 8069, 5,    68.48, 7,    main,    0.03, 101071.00,   21.17,    3.34,   -0.04, 22.5, 0.00, 0.03, 4.03
6, 8069, 5,    68.58, 7,    main,    0.04, 101073.00,   21.00,    3.17,   -0.04, 22.5, 0.00, 0.03, 4.03
6, 8069, 5,    68.68, 7,    main,    0.04, 101074.00,   20.91,    3.09,   -0.03, 22.5, 0.00, 0.03, 4.03
6, 8069, 5,    68.78, 7,    main,    0.04, 101071.00,   21.17,    3.34,   -0.03, 22.5, 0.00, 0.03, 4.03
6, 8069, 5,    68.88, 7,    main,    0.04, 101069.00,   21.33,    3.50,   -0.03, 22.4, 0.00, 0.03, 4.02
6, 8069, 5,    68.98, 7,    main,    0.03, 101078.00,   20.58,    2.75,   -0.02, 22.4, 0.00, 0.03, 4.03
6, 8069, 5,    69.08, 7,    main,    0.03, 101075.00,   20.83,    3.00,   -0.02, 22.4, 0.00, 0.03, 4.02
6, 8069, 5,    69.18, 7,    main,    0.02, 101075.00,   20.83,    3.00,   -0.02, 22.4, 0.00, 0.03, 4.02
6, 8069, 5,    69.28, 7,    main,    0.02, 101075.00,   20.83,    3.00,   -0.01, 22.4, 0.00, 0.03, 4.03
6, 8069, 5,    69.38, 7,    main,    0.02, 101068.00,   21.42,    3.59,   -0.01, 22.4, 0.00, 0.02, 4.03
6, 8069, 5,    69.48, 7,    main,    0.02, 101076.00,   20.75,    2.92,   -0.01, 22.4, 0.00, 0.03, 4.03
6, 8069, 5,    69.58, 7,    main,    0.01, 101069.00,   21.33,    3.50,   -0.01, 22.4, 0.00, 0.02, 4.03
6, 8069, 5,    69.68, 7,    main,    0.01, 101071.00,   21.17,    3.34,   -0.01, 22.4, 0.00, 0.02, 4.03
6, 8069, 5,    69.78, 7,    main,    0.00, 101071.00,   21.17,    3.34,   -0.01, 22.4, 0.00, 0.03, 4.03
6, 8069, 5,    69.88, 7,    main,    0.00, 101069.00,   21.33,    3.50,   -0.01, 22.4, 0.00, 0.03, 4.03
6, 8069, 5,    69.98, 7,    main,    0.00, 101073.00,   21.00,    3.17,   -0.01, 22.4, 0.00, 0.02, 4.02
6, 8069, 5,    70.07, 8,  landed,    0.00, 101073.00,   21.00,    3.17,   -0.01, 22.4, 0.00, 0.02, 4.02
